621
622
624
627
628
629
631
633
634
636
637
638
639
640
641
642
643
644
645
646
647
648
649
653
654
655
657
658
659
660
661
663
664
665
666
667
668
669
671
672
673
674
675
676
678
679
680
682
684
685
687
689
690
691
692
694
696
697
698
699
700
701
702
705
706
707
709
710
711
714
715
716
717
718
719
721
722
723
724
725
728
729
730
731
732
733
734
735
737
739
740
741
742
744
745
748
749
750
751
752
753
754
755
756
758
759
760
761
762
763
764
765
766
767
768
769
770
771
772
773
774
775
776
777
779
781
782
786
787
788
789
791
792
793
794
795
796
797
798
800
801
802
804
805
807
808
809
810
811
812
814
815
816
818
819
820
821
822
824
825
826
827
828
829
831
833
834
835
836
838
840
841
842
843
844
847
849
850
852
853
854
855
856
858
859
860
861
863
864
865
866
867
868
869
870
871
872
873
874
875
876
877
878
880
881
882
883
884
885
888
889
890
891
892
893
896
897
898
899
900
902
903
905
906
907
908
909
910
911
912
913
915
916
917
918
921
922
923
924
925
926
927
928
929
930
931
932
935
936
2941
2980
3006
3040
3051
3056
3084
3096
3120
3123
3156
3160
3183
3209
3214
4305
4312
4330
4333
4366
4371
4373
4374
4378
4397
4398
4406
4408
4409
4439
4454
4475
4482
4495
4498
4499
4515
4559
4572
4580
4593
4600
4622
4624
4659
4729
4734
4804
4869
4871
4915
4918
4920
4924
4934
4936
4958
4980