1260
1263
1264
1265
1266
1269
1270
1271
1272
1275
1277
1278
1280
1284
1286
1288
1290
1291
1294
1295
1299
1302
1303
1304
1305
1307
1312
1314
1315
1316
1317
1318
1320
1322
1323
1325
1326
1329
1332
1333
1334
1335
1337
1340
1342
1344
1347
1348
1349
1351
1354
1355
1356
1357
1360
1361
1362
1363
1367
1369
1370
1371
1374
1379
1385
1388
1389
1390
1391
1392
1393
1396
1397
1400
1401
1402
1403
1405
1409
1410
1411
1416
1417
1418
1424
1429
1432
1435
1436
1438
1439
1443
1444
1452
1453
1454
1455
1456
1457
1458
1459
1461
1464
1469
1472
1473
1474
1479
1480
1481
1482
1484
1485
1486
1488
1489
1490
1494
1495
1497
1502
1503
1504
1510
1512
1514
1515
1516
1520
1523
1525
1526
1527
1529
1530
1531
1533
1535
1536
1538
1539
1540
1549
1550
1553
1554
1555
1557
1559
1561
1562
1563
1564
1565
1566
1567
1568
1569
1572
1575
1576
1577
1579
1581
3668
3756
3779
3794
3804
3836
3837
3852
3869
3905
3907
3949