621
622
624
626
628
629
630
631
632
633
634
636
637
638
639
640
641
642
644
645
646
647
648
649
650
653
654
655
656
657
658
659
660
661
662
663
664
665
666
667
668
669
671
672
674
676
678
679
680
682
683
684
685
687
688
689
690
691
693
694
696
697
698
699
700
701
702
703
704
705
706
707
708
709
710
711
714
715
716
717
718
719
720
721
722
723
724
725
726
728
729
731
732
733
734
737
738
739
740
741
742
744
745
746
748
750
751
753
754
755
756
758
759
760
761
762
763
764
765
766
767
768
769
770
771
773
774
775
776
777
778
779
782
786
787
788
789
791
792
793
794
796
798
800
801
802
804
805
806
807
808
810
811
812
813
814
815
816
817
818
819
820
821
822
824
825
826
827
828
829
831
833
834
835
836
837
841
842
843
844
847
848
849
850
852
853
854
855
858
859
860
861
862
863
865
866
867
868
869
870
871
872
873
874
875
876
877
878
881
882
883
884
885
887
888
889
891
892
893
894
896
897
899
900
901
902
903
905
906
907
908
909
910
911
912
913
914
915
916
917
918
919
921
922
923
924
925
926
927
928
929
930
931
932
933
935
936
2941
3006
3051
3056
3096
3120
3183
4300
4301
4302
4303
4304
4305
4306
4307
4309
4310
4311
4312
4313
4314
4315
4316
4317
4318
4319
4320
4321
4323
4324
4325
4326
4327
4328
4329
4330
4331
4332
4333
4335
4336
4337
4338
4339
4340
4341
4342
4343
4344
4345
4346
4347
4348
4349
4351
4352
4353
4354
4355
4357
4358
4359
4360
4361
4362
4363
4364
4365
4366
4367
4369
4370
4371
4372
4373
4374
4375
4376
4378
4380
4381
4382
4383
4384
4385
4386
4387
4388
4389
4390
4391
4394
4395
4396
4397
4398
4401
4402
4403
4404
4405
4406
4407
4408
4409
4410
4411
4412
4413
4414
4415
4417
4419
4420
4421
4423
4424
4425
4426
4427
4428
4429
4430
4431
4432
4433
4434
4435
4436
4437
4438
4439
4440
4441
4442
4443
4444
4445
4446
4447
4448
4449
4450
4451
4452
4453
4454
4455
4456
4457
4458
4459
4460
4461
4462
4463
4464
4466
4467
4468
4469
4470
4471
4472
4473
4474
4475
4476
4477
4478
4479
4481
4482
4483
4484
4485
4486
4488
4489
4490
4491
4492
4493
4494
4495
4496
4497
4498
4499
4500
4501
4502
4503
4504
4505
4506
4507
4508
4509
4510
4511
4512
4513
4514
4515
4516
4517
4518
4519
4520
4521
4522
4523
4524
4525
4526
4527
4528
4529
4530
4531
4532
4533
4534
4535
4536
4537
4538
4539
4540
4541
4542
4543
4544
4545
4546
4547
4548
4549
4550
4551
4552
4553
4554
4555
4556
4557
4558
4559
4562
4563
4564
4565
4566
4567
4568
4569
4570
4571
4572
4573
4574
4575
4576
4577
4578
4579
4580
4581
4582
4583
4584
4585
4586
4587
4588
4589
4590
4591
4592
4593
4594
4595
4596
4597
4598
4599
4600
4601
4602
4603
4604
4605
4607
4608
4609
4610
4611
4612
4613
4614
4615
4616
4617
4618
4619
4620
4621
4622
4624
4625
4626
4628
4629
4630
4631
4633
4634
4635
4636
4638
4639
4640
4641
4642
4644
4645
4646
4647
4648
4649
4659
4684
4690
4708
4729
4803
4804
4869
4870
4871
4873
4892
4895
4899
4917
4918
4920
4924
4958
4980