0
1
2
3
4
5
6
7
8
9
11
12
13
16
17
18
19
22
24
25
26
27
28
29
30
31
32
33
34
35
36
37
38
39
40
41
42
43
44
45
46
47
48
49
51
53
54
55
58
59
61
63
64
65
66
67
68
69
70
71
72
75
76
78
79
80
82
83
84
85
87
88
89
90
92
95
96
97
98
99
101
102
103
105
107
108
109
110
112
113
114
115
116
117
119
120
122
123
124
126
127
129
130
131
132
133
134
135
136
137
138
139
140
141
142
143
144
145
146
147
148
149
150
151
152
153
154
155
156
157
159
160
162
163
164
165
166
167
168
170
171
172
173
174
176
177
178
180
181
183
184
185
186
187
188
189
190
191
192
193
194
195
196
197
199
200
201
202
203
204
205
206
207
208
209
210
211
212
213
214
215
216
218
219
220
221
222
223
224
225
227
229
231
235
236
238
239
240
242
243
245
246
247
248
250
251
252
254
255
256
257
258
259
260
261
263
264
265
266
267
269
270
272
273
274
275
277
278
280
281
282
283
284
285
286
287
288
289
290
291
292
293
295
298
299
1585
1586
1600
1630
1631
1665
1679
1696
1711
1715
1725
1743
1798
1799
1803
1809
1839
1843
1859
1860
1875
1886
1895
1904
1909
2343
2351
3277
3305
3306
3365
3387
3388
3438
3439
3441
3450
3493
3496
3527
3552
3562
3958
3964
3970
3976
3984
3993
3999
4005
4012
4018
4022
4048
4052
4055
4056
4069
4078
4080
4110
4136
4142
4146
4155
4172
4174
4178
4198
4218
4226
4231
4233
4251
4258
4262
4266
4269
4278
4296