50
94
1281
1289
1426
1441
1470
1524
1541
1551
3254
3255
3256
3258
3260
3262
3264
3265
3266
3267
3268
3269
3270
3271
3272
3273
3274
3275
3276
3278
3281
3283
3284
3285
3286
3287
3290
3291
3292
3293
3294
3295
3296
3297
3299
3301
3302
3303
3304
3307
3310
3311
3312
3313
3315
3317
3318
3319
3320
3321
3324
3325
3326
3328
3329
3330
3331
3332
3333
3334
3335
3336
3337
3339
3341
3342
3344
3345
3346
3349
3350
3354
3357
3359
3360
3361
3362
3367
3369
3371
3372
3373
3375
3376
3378
3380
3382
3383
3384
3386
3389
3392
3394
3395
3396
3398
3400
3401
3402
3403
3409
3410
3411
3412
3414
3415
3416
3417
3419
3420
3421
3422
3423
3425
3426
3427
3428
3429
3431
3433
3435
3436
3437
3440
3442
3443
3445
3447
3448
3449
3452
3453
3454
3455
3456
3458
3459
3460
3461
3462
3464
3465
3466
3468
3469
3471
3473
3474
3477
3479
3483
3484
3488
3489
3490
3491
3492
3497
3499
3501
3503
3510
3512
3513
3514
3515
3519
3520
3521
3522
3524
3525
3526
3529
3530
3532
3533
3535
3536
3537
3538
3540
3542
3544
3545
3546
3547
3548
3550
3551
3553
3555
3556
3557
3558
3559
3560
3561
3564
3565
3567
3568
3570
3571
3572
3573
3574
3575
3578
3580
3581
3583
3585
3586
3590
3591
3592
3593
3594
3595
3596
3597
3598
3599
3735
3898