1339
1406
1421
1437
1521
1570
3602
3603
3604
3605
3608
3609
3612
3613
3614
3615
3616
3618
3619
3620
3621
3622
3623
3624
3625
3626
3628
3635
3636
3641
3644
3645
3648
3653
3654
3655
3656
3657
3659
3661
3663
3666
3667
3671
3672
3673
3674
3676
3678
3679
3680
3681
3682
3684
3687
3688
3690
3692
3693
3700
3702
3704
3705
3708
3709
3710
3713
3715
3716
3717
3720
3721
3722
3723
3725
3732
3736
3737
3738
3741
3742
3745
3749
3750
3751
3754
3755
3758
3759
3760
3761
3763
3764
3765
3766
3767
3768
3769
3770
3771
3772
3774
3775
3776
3780
3781
3786
3787
3793
3797
3798
3799
3802
3806
3807
3808
3809
3810
3811
3814
3816
3823
3829
3830
3831
3833
3835
3838
3841
3842
3845
3849
3850
3854
3861
3862
3863
3865
3870
3871
3874
3875
3876
3877
3880
3881
3882
3883
3884
3886
3888
3889
3892
3893
3895
3896
3906
3909
3912
3913
3918
3921
3923
3924
3926
3931
3932
3933
3934
3938
3939
3943
3944
3946
3947
3948