5
14
20
23
35
52
56
57
60
77
81
111
121
125
126
132
161
198
213
228
230
234
253
276
279
294
296
300
301
302
303
304
305
306
307
308
310
311
313
314
315
316
317
318
319
320
321
322
324
325
326
327
328
329
330
331
333
334
335
336
337
338
339
340
341
343
346
347
348
349
350
351
352
353
354
355
356
357
360
361
363
364
365
366
368
369
370
372
374
375
376
377
379
380
381
382
383
384
386
387
388
389
390
391
393
394
395
396
399
400
401
402
403
405
406
407
408
410
411
412
413
416
418
419
420
423
425
426
427
428
429
432
433
436
438
439
440
442
443
444
445
446
449
450
451
452
453
455
457
458
459
460
461
462
463
464
465
467
468
470
471
473
474
476
478
479
480
481
482
483
484
485
486
487
488
489
491
493
494
495
496
497
498
499
500
501
502
506
507
508
510
512
513
514
515
516
517
518
519
520
522
523
524
525
527
528
530
531
532
534
535
536
537
539
540
544
545
546
547
548
549
550
551
552
553
554
556
557
559
560
561
562
563
564
565
566
568
569
571
572
573
574
575
576
577
579
581
582
584
585
587
588
589
590
591
592
593
594
595
598
599
600
601
602
604
607
609
610
611
613
615
616
617
618
619
620
830
937
938
939
940
941
942
943
944
945
946
947
948
949
950
951
952
953
954
955
956
957
958
959
960
961
962
963
964
965
967
968
970
971
972
973
974
975
976
977
978
979
980
981
982
983
984
985
986
987
988
989
990
991
992
993
994
995
996
997
998
999
1000
1001
1002
1003
1004
1005
1006
1007
1008
1009
1010
1011
1012
1013
1014
1015
1016
1017
1018
1019
1020
1021
1022
1023
1024
1025
1026
1027
1028
1029
1030
1031
1032
1033
1034
1035
1036
1037
1038
1039
1040
1042
1043
1044
1045
1046
1047
1048
1049
1050
1051
1052
1053
1054
1055
1056
1057
1058
1059
1060
1061
1062
1063
1064
1065
1066
1067
1068
1069
1070
1071
1072
1073
1074
1075
1076
1077
1078
1079
1080
1081
1082
1083
1084
1085
1086
1087
1088
1089
1090
1091
1092
1093
1094
1095
1096
1097
1098
1099
1100
1102
1103
1104
1105
1106
1107
1108
1109
1110
1111
1112
1113
1114
1115
1116
1117
1118
1119
1120
1121
1122
1123
1124
1125
1126
1127
1128
1129
1130
1131
1132
1133
1134
1135
1136
1137
1138
1141
1142
1143
1144
1145
1146
1147
1148
1149
1150
1151
1153
1154
1155
1156
1157
1158
1159
1160
1161
1162
1163
1165
1166
1167
1168
1169
1170
1171
1172
1173
1174
1175
1176
1177
1178
1180
1181
1183
1184
1185
1186
1187
1188
1189
1190
1191
1192
1193
1194
1195
1197
1198
1199
1200
1201
1202
1203
1204
1205
1206
1207
1208
1209
1210
1211
1212
1213
1214
1215
1216
1217
1218
1219
1220
1221
1222
1223
1224
1225
1226
1227
1228
1229
1230
1231
1232
1233
1234
1235
1236
1237
1238
1239
1240
1241
1242
1244
1245
1246
1247
1248
1249
1250
1251
1252
1253
1254
1255
1257
1258
1259
1592
1702
1720
1826
1894
1898
2017
2078
2175
2244
2602
2613
2614
2621
2628
2630
2636
2653
2661
2668
2673
2681
2702
2720
2757
2760
2769
2770
2771
2780
2797
2821
2856
2881
2889
2891
2894
2897
2914
3832
3950
3951
3952
3954
3955
3956
3957
3958
3959
3960
3961
3962
3963
3965
3966
3967
3968
3969
3970
3971
3972
3973
3974
3975
3977
3978
3979
3980
3981
3982
3983
3985
3986
3987
3988
3989
3990
3991
3992
3993
3994
3995
3996
3997
3998
4000
4001
4002
4003
4004
4005
4006
4007
4009
4010
4011
4012
4013
4014
4015
4016
4017
4018
4019
4020
4021
4023
4024
4025
4026
4027
4028
4029
4030
4031
4032
4034
4035
4036
4037
4038
4039
4040
4041
4042
4043
4044
4045
4046
4047
4050
4051
4053
4054
4055
4057
4058
4059
4060
4061
4062
4063
4065
4066
4070
4071
4072
4073
4075
4076
4077
4079
4081
4082
4083
4084
4085
4086
4087
4088
4089
4090
4091
4093
4094
4095
4096
4097
4098
4099
4100
4101
4103
4104
4105
4106
4107
4108
4109
4110
4111
4112
4113
4114
4115
4116
4117
4118
4119
4120
4121
4122
4123
4124
4125
4126
4127
4128
4129
4130
4131
4132
4133
4134
4135
4137
4138
4139
4140
4141
4143
4144
4145
4148
4149
4150
4151
4152
4153
4154
4156
4158
4159
4160
4161
4162
4163
4164
4165
4166
4168
4169
4170
4171
4173
4175
4176
4177
4179
4180
4181
4183
4184
4185
4186
4187
4188
4189
4190
4191
4192
4193
4194
4195
4196
4197
4199
4200
4201
4202
4203
4204
4205
4206
4207
4208
4209
4210
4211
4212
4213
4214
4215
4216
4217
4219
4220
4221
4222
4223
4225
4226
4227
4228
4229
4230
4232
4234
4235
4236
4237
4238
4239
4240
4242
4243
4244
4245
4246
4247
4248
4249
4250
4252
4253
4254
4255
4256
4257
4259
4260
4261
4263
4265
4266
4267
4268
4270
4271
4272
4273
4274
4275
4276
4277
4279
4280
4281
4282
4283
4284
4285
4286
4287
4288
4289
4290
4291
4292
4293
4294
4295
4297
4298
4299
4653
4686
4701
4709
4720
4721
4736
4740
4749
4760
4764
4772
4778
4780
4782
4812
4824
4853
4858
4874
4880
4897
4898
4906
4946
4960
4973
4976