621
622
623
624
625
627
628
629
630
631
632
633
634
636
637
638
639
640
641
642
643
644
645
646
647
648
649
650
653
654
655
656
657
658
659
660
661
662
663
664
665
666
667
668
669
671
672
673
674
675
676
678
679
680
681
682
683
684
685
686
687
688
689
690
691
692
694
696
697
698
699
700
701
702
705
706
707
708
709
710
711
714
715
716
717
718
719
720
721
722
723
724
725
726
728
729
730
731
732
733
734
735
736
737
738
739
740
741
742
744
745
747
748
750
751
752
753
754
755
756
758
759
760
761
762
763
764
765
766
767
768
769
770
771
772
773
774
775
776
777
778
779
781
782
783
786
787
788
789
791
792
793
794
795
796
797
798
799
800
801
802
804
805
806
807
808
809
810
811
812
814
815
816
818
819
820
821
822
824
825
826
827
828
829
831
833
834
835
836
837
838
840
841
842
843
844
845
847
849
850
851
852
853
854
855
856
857
858
859
860
861
863
864
865
866
867
868
869
870
871
872
873
874
875
876
877
878
879
880
881
882
883
884
885
888
889
890
891
892
893
894
896
897
898
899
900
901
902
903
905
906
907
908
909
910
911
912
913
914
915
916
917
918
919
920
921
922
923
924
925
926
927
928
929
930
931
932
933
934
936
969
975
1041
1101
1140
1152
1164
1174
1179
1196
1243
1606
1607
1611
1616
1668
1677
1683
1723
1737
1739
1742
1751
1753
1765
1778
1815
1824
1856
1858
1863
1869
1888
1891
2917
2918
2919
2920
2921
2922
2923
2925
2927
2928
2929
2930
2931
2932
2933
2934
2935
2936
2937
2938
2939
2940
2941
2942
2943
2944
2945
2946
2947
2948
2949
2950
2951
2952
2953
2954
2955
2956
2957
2958
2959
2960
2961
2962
2963
2964
2965
2966
2967
2968
2969
2970
2971
2972
2973
2974
2975
2976
2977
2978
2979
2980
2981
2982
2983
2984
2985
2986
2987
2988
2989
2990
2991
2992
2993
2994
2995
2996
2997
2998
2999
3000
3001
3002
3003
3004
3005
3006
3008
3009
3010
3011
3012
3013
3014
3015
3016
3018
3019
3020
3022
3023
3024
3025
3026
3027
3028
3029
3030
3031
3032
3033
3035
3036
3038
3039
3040
3041
3042
3043
3044
3045
3046
3047
3048
3049
3050
3051
3052
3053
3054
3055
3056
3057
3058
3059
3060
3061
3062
3063
3064
3065
3066
3067
3068
3069
3070
3071
3072
3073
3074
3075
3076
3077
3078
3079
3080
3081
3082
3083
3084
3085
3086
3087
3088
3089
3090
3091
3092
3093
3094
3095
3096
3097
3098
3100
3101
3102
3103
3104
3105
3106
3107
3108
3109
3110
3111
3112
3113
3114
3115
3116
3117
3118
3119
3120
3121
3122
3123
3124
3125
3126
3127
3128
3129
3130
3131
3132
3133
3134
3135
3136
3137
3138
3139
3140
3141
3142
3143
3144
3145
3146
3147
3148
3149
3150
3151
3152
3153
3154
3155
3156
3157
3158
3159
3160
3161
3162
3164
3165
3166
3167
3168
3169
3170
3171
3172
3173
3174
3175
3176
3177
3178
3179
3180
3181
3182
3183
3184
3185
3186
3187
3188
3189
3190
3191
3192
3193
3194
3195
3196
3197
3198
3199
3200
3201
3202
3203
3204
3205
3206
3207
3208
3209
3210
3211
3212
3213
3214
3215
3216
3217
3218
3219
3220
3221
3222
3223
3224
3225
3226
3227
3228
3229
3230
3231
3232
3233
3234
3235
3236
3237
3238
3239
3240
3241
3242
3243
3244
3245
3246
3247
3248
3249
3250
3251
3252
3253
4300
4301
4302
4303
4304
4305
4306
4307
4309
4310
4311
4312
4313
4314
4315
4316
4317
4318
4319
4320
4323
4325
4327
4328
4329
4330
4331
4332
4333
4335
4337
4338
4339
4340
4341
4342
4343
4344
4346
4347
4348
4349
4351
4352
4353
4355
4357
4358
4359
4361
4362
4363
4364
4365
4366
4367
4369
4370
4371
4372
4373
4374
4376
4378
4380
4381
4382
4384
4386
4387
4388
4389
4390
4391
4394
4395
4396
4397
4398
4401
4402
4403
4404
4405
4406
4407
4408
4409
4410
4412
4413
4414
4415
4419
4420
4421
4423
4424
4425
4426
4427
4428
4429
4430
4431
4432
4433
4434
4435
4436
4437
4439
4440
4442
4443
4444
4445
4446
4447
4448
4449
4450
4451
4452
4453
4454
4455
4456
4457
4458
4459
4466
4467
4468
4469
4470
4471
4473
4474
4475
4477
4478
4479
4481
4482
4483
4484
4485
4486
4488
4489
4490
4491
4494
4495
4496
4498
4499
4500
4501
4502
4503
4505
4506
4507
4508
4509
4510
4511
4512
4513
4514
4515
4516
4517
4518
4519
4521
4522
4523
4525
4526
4527
4528
4529
4530
4531
4533
4534
4536
4537
4539
4541
4542
4543
4544
4546
4547
4548
4549
4550
4551
4552
4553
4554
4556
4558
4559
4563
4564
4565
4566
4567
4568
4569
4570
4571
4572
4573
4574
4575
4576
4578
4579
4580
4581
4583
4585
4586
4589
4590
4591
4592
4593
4595
4597
4599
4600
4601
4602
4603
4604
4605
4607
4609
4610
4611
4612
4613
4614
4615
4617
4620
4621
4622
4624
4625
4626
4628
4629
4631
4633
4634
4635
4636
4639
4640
4641
4642
4644
4646
4647
4648
4649
4659
4684
4690
4708
4719
4729
4734
4737
4743
4803
4804
4831
4869
4870
4871
4873
4892
4895
4899
4915
4917
4918
4920
4924
4934
4958
4963
4980