350	1287577925	30.2679095833	-97.7493124167	21714
350	1287577866	30.2680373406	-97.7493202686	9371
350	1287470091	30.2679095833	-97.7493124167	21714
350	1287470070	30.2680373406	-97.7493202686	9371
350	1287401775	30.2679095833	-97.7493124167	21714
350	1287401738	30.2680373406	-97.7493202686	9371
350	1287401314	30.2691029532	-97.7493953705	420315
350	1287297647	30.2734579457	-97.7664220333	820726
350	1287297630	30.2734394142	-97.7663683891	16233
350	1287224137	30.2367865827	-97.7628627419	18758
350	1287223315	30.2937038167	-97.7417999	38449
350	1287133388	30.2707337816	-97.7537029982	9241
350	1287122202	30.2679095833	-97.7493124167	21714
350	1287122179	30.2680373406	-97.7493202686	9371
350	1287120570	30.2691029532	-97.7493953705	420315
350	1287035267	30.269767797	-97.7482661605	78290
350	1287034854	30.2679095833	-97.7493124167	21714
350	1287034817	30.2680373406	-97.7493202686	9371
350	1286951268	30.2679095833	-97.7493124167	21714
350	1286951212	30.2680373406	-97.7493202686	9371
350	1286885945	30.2679095833	-97.7493124167	21714
350	1286885609	30.2680373406	-97.7493202686	9371
350	1286878937	30.2691029532	-97.7493953705	420315
350	1286864172	30.2691029532	-97.7493953705	420315
350	1286776160	30.269767797	-97.7482661605	78290
350	1286776101	30.2679095833	-97.7493124167	21714
350	1286705628	30.2367865827	-97.7628627419	18758
350	1286696045	30.26766669	-97.7709388733	9262
350	1286692200	30.2671848421	-97.7627635002	4995246
350	1286692186	30.2666103281	-97.7646839619	4997564
350	1286692157	30.2674906304	-97.7704024315	4992438
350	1286692136	30.2676296248	-97.7683210373	4998370
350	1286692112	30.2679632105	-97.7654993534	4994634
350	1286692095	30.2689176301	-97.7695226669	4993614
350	1286690965	30.2734579457	-97.7664220333	820726
350	1286690899	30.2734394142	-97.7663683891	16233
350	1286614327	29.458369	-98.7002921	14644
350	1286452137	30.2679095833	-97.7493124167	21714
350	1286452105	30.2680373406	-97.7493202686	9371
350	1286428831	30.269767797	-97.7482661605	78290
350	1286428110	30.2691029532	-97.7493953705	420315
350	1286364931	30.2679095833	-97.7493124167	21714
350	1286364912	30.2680373406	-97.7493202686	9371
350	1286277690	30.2679095833	-97.7493124167	21714
350	1286277645	30.2680373406	-97.7493202686	9371
350	1286253877	30.3079146406	-97.7505500615	11365
350	1286189067	30.2679095833	-97.7493124167	21714
350	1286189050	30.2680373406	-97.7493202686	9371
350	1286180015	30.2691029532	-97.7493953705	420315
350	1286101216	30.2367865827	-97.7628627419	18758
350	1286093796	30.2734579457	-97.7664220333	820726
350	1286093779	30.2734394142	-97.7663683891	16233
350	1285833317	30.2679095833	-97.7493124167	21714
350	1285833297	30.2680373406	-97.7493202686	9371
350	1285758533	30.2679095833	-97.7493124167	21714
350	1285758473	30.2680373406	-97.7493202686	9371
350	1285592815	30.2679095833	-97.7493124167	21714
350	1285592800	30.2680373406	-97.7493202686	9371
350	1285566166	30.2691029532	-97.7493953705	420315
350	1285488722	30.2734579457	-97.7664220333	820726
350	1285488686	30.2734394142	-97.7663683891	16233
350	1285339587	30.2367865827	-97.7628627419	18758
350	1285330602	30.2679095833	-97.7493124167	21714
350	1285330579	30.2680373406	-97.7493202686	9371
350	1285319702	30.2703917	-97.7509832333	13339
350	1285311358	30.2691029532	-97.7493953705	420315
350	1285167745	30.131826522	-98.0130377412	11352
350	1285157366	30.2679095833	-97.7493124167	21714
350	1285157327	30.2680373406	-97.7493202686	9371
350	1285069806	30.2691029532	-97.7493953705	420315
350	1285050426	30.2679095833	-97.7493124167	21714
350	1285050329	30.2680373406	-97.7493202686	9371
350	1284963387	30.2679095833	-97.7493124167	21714
350	1284963350	30.2680373406	-97.7493202686	9371
350	1284959312	30.2691029532	-97.7493953705	420315
350	1284911249	30.2734579457	-97.7664220333	820726
350	1284911223	30.2734394142	-97.7663683891	16233
350	1284899199	31.8033256942	-97.0994210243	13426
350	1284878990	32.8996753667	-97.2401618833	12615
350	1284825004	32.8996753667	-97.2401618833	12615
350	1284703519	30.2679095833	-97.7493124167	21714
350	1284703451	30.2680373406	-97.7493202686	9371
350	1284646238	30.2224742	-97.8403432	103786
350	1284530184	30.2679095833	-97.7493124167	21714
350	1284530168	30.2680373406	-97.7493202686	9371
350	1284529945	30.2691029532	-97.7493953705	420315
350	1284446539	30.2679095833	-97.7493124167	21714
350	1284446468	30.2680373406	-97.7493202686	9371
350	1284276997	30.2734579457	-97.7664220333	820726
350	1284276981	30.2734394142	-97.7663683891	16233
350	1284191149	30.26766669	-97.7709388733	9262
350	1284099060	30.2679095833	-97.7493124167	21714
350	1284098993	30.2680373406	-97.7493202686	9371
350	1284097059	30.2691029532	-97.7493953705	420315
350	1283927759	30.2679095833	-97.7493124167	21714
350	1283927733	30.2680373406	-97.7493202686	9371
350	1283860530	30.2679095833	-97.7493124167	21714
350	1283860491	30.2680373406	-97.7493202686	9371
350	1283706590	30.2587428544	-97.7525281906	11888
350	1283702582	30.26766669	-97.7709388733	9262
350	1283675300	30.2224742	-97.8403432	103786
350	1283666926	30.2734394142	-97.7663683891	16233
350	1283666909	30.2734579457	-97.7664220333	820726
350	1283502537	30.2707337816	-97.7537029982	9241
350	1283497113	30.2679095833	-97.7493124167	21714
350	1283497062	30.2680373406	-97.7493202686	9371
350	1283332528	30.2691029532	-97.7493953705	420315
350	1283320329	30.2679095833	-97.7493124167	21714
350	1283320300	30.2680373406	-97.7493202686	9371
350	1283238912	30.2691029532	-97.7493953705	420315
350	1283236699	30.2679095833	-97.7493124167	21714
350	1283236652	30.2680373406	-97.7493202686	9371
350	1283091704	30.2453787516	-97.780444622	21093
350	1283071228	30.2224742	-97.8403432	103786
350	1283067335	30.2734394142	-97.7663683891	16233
350	1283067288	30.2734579457	-97.7664220333	820726
350	1282981689	30.162883346	-97.7937054634	75514
350	1282891778	30.2679095833	-97.7493124167	21714
350	1282891762	30.2680373406	-97.7493202686	9371
350	1282889744	30.2691029532	-97.7493953705	420315
350	1282833980	30.2662396721	-97.7459084988	9225
350	1282815557	30.2707337816	-97.7537029982	9241
350	1282804753	30.2679095833	-97.7493124167	21714
350	1282804706	30.2680373406	-97.7493202686	9371
350	1282745397	30.162883346	-97.7937054634	75514
350	1282632981	30.2679095833	-97.7493124167	21714
350	1282632873	30.2680373406	-97.7493202686	9371
350	1282632206	30.2691029532	-97.7493953705	420315
350	1282543278	30.2691029532	-97.7493953705	420315
350	1282542070	30.2679095833	-97.7493124167	21714
350	1282542033	30.2680373406	-97.7493202686	9371
350	1282464611	30.2224742	-97.8403432	103786
350	1282461770	30.2734579457	-97.7664220333	820726
350	1282461744	30.2734394142	-97.7663683891	16233
350	1282331519	30.2557309927	-97.7633857727	316637
350	1282315001	30.2945530333	-97.78488635	9456
350	1282311329	30.2691029532	-97.7493953705	420315
350	1282293065	30.2702114098	-97.7497132123	15478
350	1282287324	30.2679095833	-97.7493124167	21714
350	1282287308	30.2680373406	-97.7493202686	9371
350	1282197373	30.2679095833	-97.7493124167	21714
350	1282197339	30.2680373406	-97.7493202686	9371
350	1282196677	30.2691029532	-97.7493953705	420315
350	1282122741	30.2691029532	-97.7493953705	420315
350	1282025121	30.2679095833	-97.7493124167	21714
350	1282024988	30.2680373406	-97.7493202686	9371
350	1281941055	30.2679095833	-97.7493124167	21714
350	1281941034	30.2680373406	-97.7493202686	9371
350	1281860973	30.2224742	-97.8403432	103786
350	1281858133	30.2734579457	-97.7664220333	820726
350	1281858063	30.2734394142	-97.7663683891	16233
350	1281798055	30.2945530333	-97.78488635	9456
350	1281628982	30.2587428544	-97.7525281906	11888
350	1281624435	30.2493640765	-97.7494704723	11368
350	1281509184	30.2679095833	-97.7493124167	21714
350	1281509107	30.2680373406	-97.7493202686	9371
350	1281503704	30.2691029532	-97.7493953705	420315
350	1281434810	30.2695755256	-97.7495133877	18568
350	1281423038	30.2679095833	-97.7493124167	21714
350	1281422983	30.2680373406	-97.7493202686	9371
350	1281333043	30.2691029532	-97.7493953705	420315
350	1281251532	30.2734579457	-97.7664220333	820726
350	1280650867	30.2224742	-97.8403432	103786
350	1280642143	30.2734394142	-97.7663683891	16233
350	1280590594	30.26230215	-97.7614974833	14242
350	1280320622	30.2680373406	-97.7493202686	9371
350	1280320534	30.2679095833	-97.7493124167	21714
350	1280294769	30.2691029532	-97.7493953705	420315
350	1280211382	30.2691029532	-97.7493953705	420315
350	1280136731	30.2691029532	-97.7493953705	420315
350	1280041754	32.8996753667	-97.2401618833	12615
350	1279896165	30.2493640765	-97.7494704723	11368
350	1279800755	30.2679095833	-97.7493124167	21714
350	1279800676	30.2680373406	-97.7493202686	9371
350	1279695053	30.2691029532	-97.7493953705	420315
350	1279627085	30.2679095833	-97.7493124167	21714
350	1279627023	30.2680373406	-97.7493202686	9371
350	1279614172	30.27055195	-97.7483066333	18328
350	1279604693	30.2691029532	-97.7493953705	420315
350	1279521198	30.2679095833	-97.7493124167	21714
350	1279521165	30.2680373406	-97.7493202686	9371
350	1279519115	30.2691029532	-97.7493953705	420315
350	1279473089	30.2578254048	-97.8081786633	22192
350	1279441437	30.2224742	-97.8403432	103786
350	1279433363	30.2734579457	-97.7664220333	820726
350	1279433297	30.2734394142	-97.7663683891	16233
350	1279174426	30.2691029532	-97.7493953705	420315
350	1279083743	30.2691029532	-97.7493953705	420315
350	1279001613	30.2691029532	-97.7493953705	420315
350	1278935947	30.2679095833	-97.7493124167	21714
350	1278935891	30.2680373406	-97.7493202686	9371
350	1278919736	30.2691029532	-97.7493953705	420315
350	1278833618	30.2734394142	-97.7663683891	16233
350	1278771412	30.2224742	-97.8403432	103786
350	1278748290	30.2155034833	-97.83969615	21134
350	1278683370	30.2691029532	-97.7493953705	420315
350	1278657827	30.2680373406	-97.7493202686	9371
350	1278657792	30.2679095833	-97.7493124167	21714
350	1278653082	30.2691029532	-97.7493953705	420315
350	1278569377	30.2691029532	-97.7493953705	420315
350	1278530425	30.162883346	-97.7937054634	75514
350	1278484560	30.2679095833	-97.7493124167	21714
350	1278484304	30.2691029532	-97.7493953705	420315
350	1278399153	30.2680373406	-97.7493202686	9371
350	1278399134	30.2679095833	-97.7493124167	21714
350	1278388818	30.2691029532	-97.7493953705	420315
350	1278347827	30.2587428544	-97.7525281906	11888
350	1278232088	30.2224742	-97.8403432	103786
350	1278222757	30.2734394142	-97.7663683891	16233
350	1278164843	30.2945530333	-97.78488635	9456
350	1277996278	30.2015573297	-97.6671266556	9410
350	1277993250	30.2691029532	-97.7493953705	420315
350	1277967772	30.2691029532	-97.7493953705	420315
350	1277624172	30.2224742	-97.8403432	103786
350	1277623489	30.2734579457	-97.7664220333	820726
350	1277623458	30.2734394142	-97.7663683891	16233
350	1277539439	30.2155034833	-97.83969615	21134
350	1277465438	30.2015573297	-97.6671266556	9410
350	1277450135	37.3664565757	-121.9263339043	33472
350	1277138298	37.3664565757	-121.9263339043	33472
350	1277120559	30.2015573297	-97.6671266556	9410
350	1277100952	30.2691029532	-97.7493953705	420315
350	1277020231	30.2224742	-97.8403432	103786
350	1277013740	30.2734394142	-97.7663683891	16233
350	1276961224	30.2224646322	-97.838203311	21368
350	1276933821	30.2155034833	-97.83969615	21134
350	1276869087	30.2691029532	-97.7493953705	420315
350	1276776508	30.2679095833	-97.7493124167	21714
350	1276776475	30.2680373406	-97.7493202686	9371
350	1276769909	30.2691029532	-97.7493953705	420315
350	1276701070	30.2367865827	-97.7628627419	18758
350	1276688960	30.2679095833	-97.7493124167	21714
350	1276688886	30.2680373406	-97.7493202686	9371
350	1276664919	30.2691029532	-97.7493953705	420315
350	1276602941	30.2691029532	-97.7493953705	420315
350	1276576830	30.2691029532	-97.7493953705	420315
350	1276504059	30.2691029532	-97.7493953705	420315
350	1276414439	30.2650364594	-97.7461831119	9335
350	1276409243	30.2734394142	-97.7663683891	16233
350	1276267181	30.2224742	-97.8403432	103786
350	1276247224	30.2695755256	-97.7495133877	18568
350	1276236322	30.2691029532	-97.7493953705	420315
350	1276149166	30.2691029532	-97.7493953705	420315
350	1276061292	30.2691029532	-97.7493953705	420315
350	1275976499	30.2691029532	-97.7493953705	420315
350	1275913371	30.2691029532	-97.7493953705	420315
350	1275889199	30.2679095833	-97.7493124167	21714
350	1275889115	30.2680373406	-97.7493202686	9371
350	1275886905	30.2691029532	-97.7493953705	420315
350	1275812980	30.2224742	-97.8403432	103786
350	1275809630	30.2734394142	-97.7663683891	16233
350	1275730967	30.5562064833	-97.6878015667	51498
350	1275724652	30.5572166774	-97.689871788	12043
350	1275632403	30.2691029532	-97.7493953705	420315
350	1275455869	30.2691029532	-97.7493953705	420315
350	1275392525	30.2679095833	-97.7493124167	21714
350	1275392478	30.2680373406	-97.7493202686	9371
350	1275372792	30.2691029532	-97.7493953705	420315
350	1275302178	30.2224742	-97.8403432	103786
350	1275214064	30.248923845	-97.7496260405	608105
350	1275206375	30.2734394142	-97.7663683891	16233
350	1275119490	29.458369	-98.7002921	14644
350	1275063452	30.2612820137	-97.7451896667	91223
350	1275063425	30.2616897558	-97.7451789379	9282
350	1275060762	30.2587428544	-97.7525281906	11888
350	1275040318	30.2670273144	-97.7445030212	17831
350	1275028204	30.2691029532	-97.7493953705	420315
350	1275027123	30.2679095833	-97.7493124167	21714
350	1275027081	30.2680373406	-97.7493202686	9371
350	1274991379	30.2015573297	-97.6671266556	9410
350	1274970726	30.2224742	-97.8403432	103786
350	1274946748	30.2679095833	-97.7493124167	21714
350	1274946673	30.2680373406	-97.7493202686	9371
350	1274942187	30.2691029532	-97.7493953705	420315
350	1274769372	30.2691029532	-97.7493953705	420315
350	1274682780	30.2691029532	-97.7493953705	420315
350	1274594099	30.2734394142	-97.7663683891	16233
350	1274448626	30.2691029532	-97.7493953705	420315
350	1274432920	30.269767797	-97.7482661605	78290
350	1274423742	30.2691029532	-97.7493953705	420315
350	1274356494	30.2679095833	-97.7493124167	21714
350	1274356478	30.2680373406	-97.7493202686	9371
350	1274346537	30.2703917	-97.7509832333	13339
350	1274340232	30.2691029532	-97.7493953705	420315
350	1274283614	30.2224742	-97.8403432	103786
350	1274252194	30.2680373406	-97.7493202686	9371
350	1274252088	30.2679095833	-97.7493124167	21714
350	1274251115	30.2691029532	-97.7493953705	420315
350	1274176308	30.2691029532	-97.7493953705	420315
350	1274164836	30.2691029532	-97.7493953705	420315
350	1274104872	30.2691029532	-97.7493953705	420315
350	1274079766	30.2680373406	-97.7493202686	9371
350	1274079737	30.2679095833	-97.7493124167	21714
350	1274026469	30.2224742	-97.8403432	103786
350	1274018030	30.2734394142	-97.7663683891	16233
350	1273827079	30.3595636695	-97.7346646786	27622
350	1273816774	30.2745526333	-97.7522177167	42986
350	1273814581	30.2691029532	-97.7493953705	420315
350	1273737481	30.2691029532	-97.7493953705	420315
350	1273674802	30.2367865827	-97.7628627419	18758
350	1273666868	30.2691029532	-97.7493953705	420315
350	1273647314	30.2691029532	-97.7493953705	420315
350	1273578131	30.2691029532	-97.7493953705	420315
350	1273563916	30.2679095833	-97.7493124167	21714
350	1273563860	30.2680373406	-97.7493202686	9371
350	1273561818	30.2691029532	-97.7493953705	420315
350	1273497759	30.2691029532	-97.7493953705	420315
350	1273496341	30.2679095833	-97.7493124167	21714
350	1273496315	30.2680373406	-97.7493202686	9371
350	1273474323	30.2691029532	-97.7493953705	420315
350	1273387179	32.8996753667	-97.2401618833	12615
350	1273073123	32.8996753667	-97.2401618833	12615
350	1272976095	30.2679095833	-97.7493124167	21714
350	1272976073	30.2680373406	-97.7493202686	9371
350	1272961041	30.2691029532	-97.7493953705	420315
350	1272927456	30.2691029532	-97.7493953705	420315
350	1272916224	30.2691029532	-97.7493953705	420315
350	1272903731	30.269767797	-97.7482661605	78290
350	1272896432	30.2679095833	-97.7493124167	21714
350	1272896392	30.2680373406	-97.7493202686	9371
350	1272879769	30.2691029532	-97.7493953705	420315
350	1272867251	30.2691029532	-97.7493953705	420315
350	1272780790	30.2734394142	-97.7663683891	16233
350	1272733488	30.2690658886	-97.7456724644	1038401
350	1272726030	30.248923845	-97.7496260405	608105
350	1272642870	30.2367865827	-97.7628627419	18758
350	1272635911	30.2691029532	-97.7493953705	420315
350	1272609724	30.2691029532	-97.7493953705	420315
350	1272540540	30.2691029532	-97.7493953705	420315
350	1272523362	30.2680373406	-97.7493202686	9371
350	1272521092	30.2691029532	-97.7493953705	420315
350	1272458459	30.2679095833	-97.7493124167	21714
350	1272458422	30.2680373406	-97.7493202686	9371
350	1272446254	30.2691029532	-97.7493953705	420315
350	1272372659	30.2679095833	-97.7493124167	21714
350	1272360800	30.2691029532	-97.7493953705	420315
350	1272275455	30.2691029532	-97.7493953705	420315
350	1272263998	30.2679095833	-97.7493124167	21714
350	1272263892	30.2680373406	-97.7493202686	9371
350	1272261640	30.2691029532	-97.7493953705	420315
350	1272206970	30.2493640765	-97.7494704723	11368
350	1272184383	30.2224742	-97.8403432	103786
350	1272180534	30.2734579457	-97.7664220333	820726
350	1272129455	30.2616897558	-97.7451789379	9282
350	1272016033	30.2691029532	-97.7493953705	420315
350	1272001998	30.2691029532	-97.7493953705	420315
350	1271917361	30.2691029532	-97.7493953705	420315
350	1271855636	30.2691029532	-97.7493953705	420315
350	1271829293	30.2691029532	-97.7493953705	420315
350	1271771317	30.2691029532	-97.7493953705	420315
350	1271759767	30.2691029532	-97.7493953705	420315
350	1271744141	30.2691029532	-97.7493953705	420315
350	1271681847	30.2691029532	-97.7493953705	420315
350	1271666164	30.2691029532	-97.7493953705	420315
350	1271655599	30.2679095833	-97.7493124167	21714
350	1271655532	30.2680373406	-97.7493202686	9371
350	1271653298	30.2691029532	-97.7493953705	420315
350	1271609914	30.162883346	-97.7937054634	75514
350	1271600517	30.2734394142	-97.7663683891	16233
350	1271570593	30.2734394142	-97.7663683891	16233
350	1271518755	30.2224742	-97.8403432	103786
350	1271402580	30.2679095833	-97.7493124167	21714
350	1271402532	30.2680373406	-97.7493202686	9371
350	1271398089	30.2691029532	-97.7493953705	420315
350	1271150713	30.162883346	-97.7937054634	75514
350	1271100178	30.162883346	-97.7937054634	75514
350	1271073505	30.2691029532	-97.7493953705	420315
350	1271056101	30.2691029532	-97.7493953705	420315
350	1271002973	30.2224742	-97.8403432	103786
350	1270997855	30.2734579457	-97.7664220333	820726
350	1270966171	30.2734394142	-97.7663683891	16233
350	1270823712	30.2493640765	-97.7494704723	11368
350	1270793613	30.2691029532	-97.7493953705	420315
350	1270742674	30.1972733341	-97.7670550346	28565
350	1270706654	30.2691029532	-97.7493953705	420315
350	1270648345	30.265405691	-97.7477914095	46946
350	1270632004	30.2691029532	-97.7493953705	420315
350	1270541138	30.2691029532	-97.7493953705	420315
350	1270467444	30.2691029532	-97.7493953705	420315
350	1270447081	30.2691029532	-97.7493953705	420315
350	1270361027	30.2734394142	-97.7663683891	16233
350	1270221643	30.2224742	-97.8403432	103786
350	1270210651	30.2691029532	-97.7493953705	420315
350	1270199766	30.2670273144	-97.7445030212	17831
350	1270192573	30.2691029532	-97.7493953705	420315
350	1270116401	30.2691029532	-97.7493953705	420315
350	1270102194	30.2691029532	-97.7493953705	420315
350	1270031930	30.2691029532	-97.7493953705	420315
350	1270019297	30.2691029532	-97.7493953705	420315
350	1269939823	30.2691029532	-97.7493953705	420315
350	1269932758	30.2679095833	-97.7493124167	21714
350	1269928700	30.2691029532	-97.7493953705	420315
350	1269854659	30.2691029532	-97.7493953705	420315
350	1269842933	30.2691029532	-97.7493953705	420315
350	1269785997	30.2734394142	-97.7663683891	16233
350	1269756224	30.2734394142	-97.7663683891	16233
350	1269720154	30.2691029532	-97.7493953705	420315
350	1269716465	30.2662396721	-97.7459084988	9225
350	1269708002	30.2691029532	-97.7493953705	420315
350	1269680266	30.2509617667	-97.75437355	10475
350	1269679187	30.2691029532	-97.7493953705	420315
350	1269678401	30.2679095833	-97.7493124167	21714
350	1269678376	30.2680373406	-97.7493202686	9371
350	1269612828	29.458369	-98.7002921	14644
350	1269588370	29.458369	-98.7002921	14644
350	1269517164	30.2680373406	-97.7493202686	9371
350	1269516904	30.2679095833	-97.7493124167	21714
350	1269515310	30.2691029532	-97.7493953705	420315
350	1269506381	30.269767797	-97.7482661605	78290
350	1269501546	30.2691029532	-97.7493953705	420315
350	1269463765	30.2691029532	-97.7493953705	420315
350	1269452718	30.2691029532	-97.7493953705	420315
350	1269441758	30.2367865827	-97.7628627419	18758
350	1269435760	30.2691029532	-97.7493953705	420315
350	1269421201	30.269767797	-97.7482661605	78290
350	1269364295	30.2741899361	-97.7404904366	9233
350	1269362462	30.2741899361	-97.7404904366	9233
350	1269359527	30.2587428544	-97.7525281906	11888
350	1269269974	30.2691029532	-97.7493953705	420315
350	1269258144	30.2679095833	-97.7493124167	21714
350	1269258132	30.2680373406	-97.7493202686	9371
350	1269251716	30.2691029532	-97.7493953705	420315
350	1269240642	30.2691029532	-97.7493953705	420315
350	1269180632	30.2734394142	-97.7663683891	16233
350	1269156263	30.2734394142	-97.7663683891	16233
350	1269006823	30.2691029532	-97.7493953705	420315
350	1269002098	30.2679095833	-97.7493124167	21714
350	1269002057	30.2680373406	-97.7493202686	9371
350	1268992778	30.2691029532	-97.7493953705	420315
350	1268981186	30.2691029532	-97.7493953705	420315
350	1268917542	30.2691029532	-97.7493953705	420315
350	1268909430	30.2509617667	-97.75437355	10475
350	1268909384	30.2510314833	-97.754092	49904
350	1268905265	30.2691029532	-97.7493953705	420315
350	1268894154	30.2691029532	-97.7493953705	420315
350	1268732924	30.2680373406	-97.7493202686	9371
350	1268732897	30.2679095833	-97.7493124167	21714
350	1268730690	30.2621994311	-97.7390956879	9254
350	1268729440	30.2691029532	-97.7493953705	420315
350	1268688249	30.268471	-97.744632	672328
350	1268686383	30.2686964002	-97.7456147969	9313
350	1268675182	30.268471	-97.744632	672328
350	1268673807	30.269767797	-97.7482661605	78290
350	1268672864	30.2691029532	-97.7493953705	420315
350	1268607268	30.2691029532	-97.7493953705	420315
350	1268603883	30.2662396721	-97.7459084988	9225
350	1268598417	30.264479037	-97.7384197712	671358
350	1268597600	30.26780605	-97.74154185	9222
350	1268597569	30.267532	-97.741346	671665
350	1268596188	30.2691029532	-97.7493953705	420315
350	1268590474	30.265239	-97.7400019	671170
350	1268590449	30.265294493	-97.7393531799	685994
350	1268590433	30.265331559	-97.7393102646	686064
350	1268590406	30.2664713322	-97.7398467064	688009
350	1268584416	30.2672543395	-97.739444375	9249
350	1268577769	30.2734394142	-97.7663683891	16233
350	1268567329	30.2670597466	-97.7445405722	97009
350	1268565841	30.266996	-97.7442669	671812
350	1268565160	30.2691029532	-97.7493953705	420315
350	1268553987	30.2734394142	-97.7663683891	16233
350	1268510258	30.2687137743	-97.7360165119	702472
350	1268506894	30.268505	-97.741427	671253
350	1268505201	30.2691029532	-97.7493953705	420315
350	1268501083	30.2224742	-97.8403432	103786
350	1268495964	30.2155034833	-97.83969615	21134
350	1268491702	30.2691029532	-97.7493953705	420315
350	1268477008	30.2646273022	-97.7419817448	689421
350	1268469118	30.2691029532	-97.7493953705	420315
350	1268418554	30.2686964002	-97.7456147969	9313
350	1268417536	30.2691029532	-97.7493953705	420315
350	1268403129	30.2703917	-97.7509832333	13339
350	1268402018	30.2691029532	-97.7493953705	420315
350	1268389093	30.2691029532	-97.7493953705	420315
350	1268355458	30.2691029532	-97.7493953705	420315
350	1268342014	30.2691029532	-97.7493953705	420315
350	1268324513	30.2691029532	-97.7493953705	420315
350	1268311699	30.2636079743	-97.7395677567	681993
350	1268309999	30.2691029532	-97.7493953705	420315
350	1268295117	30.2691029532	-97.7493953705	420315
350	1268265128	30.2691029532	-97.7493953705	420315
350	1268254133	30.2691029532	-97.7493953705	420315
350	1268242716	30.2691029532	-97.7493953705	420315
350	1268229409	30.2691029532	-97.7493953705	420315
350	1268229018	30.2679095833	-97.7493124167	21714
350	1268228993	30.2680373406	-97.7493202686	9371
350	1268215338	30.2691029532	-97.7493953705	420315
350	1268207467	30.2679095833	-97.7493124167	21714
350	1268207408	30.2680373406	-97.7493202686	9371
350	1268204268	30.2691029532	-97.7493953705	420315
350	1268139488	30.2691029532	-97.7493953705	420315
350	1268121545	30.2691029532	-97.7493953705	420315
350	1268091151	30.2691029532	-97.7493953705	420315
350	1268085675	30.2695755256	-97.7495133877	18568
350	1268082086	30.2694087356	-97.7495884895	188353
350	1268077281	30.2691029532	-97.7493953705	420315
350	1268066011	30.2691029532	-97.7493953705	420315
350	1268056843	30.2679095833	-97.7493124167	21714
350	1268056821	30.2680373406	-97.7493202686	9371
350	1268050681	30.2691029532	-97.7493953705	420315
350	1268037262	30.2691029532	-97.7493953705	420315
350	1267974951	30.2734394142	-97.7663683891	16233
350	1267944818	30.2734394142	-97.7663683891	16233
350	1267832023	30.2694643323	-97.7499103546	293641
350	1267804910	30.2224742	-97.8403432	103786
350	1267798920	30.2680373406	-97.7493202686	9371
350	1267798894	30.2679095833	-97.7493124167	21714
350	1267798326	30.2691029532	-97.7493953705	420315
350	1267786894	30.2691029532	-97.7493953705	420315
350	1267774180	30.2691029532	-97.7493953705	420315
350	1267702892	30.2367865827	-97.7628627419	18758
350	1267700732	30.2691029532	-97.7493953705	420315
350	1267681011	30.2691029532	-97.7493953705	420315
350	1267623259	30.2679095833	-97.7493124167	21714
350	1267623229	30.2680373406	-97.7493202686	9371
350	1267622752	30.2691029532	-97.7493953705	420315
350	1267609137	30.2691029532	-97.7493953705	420315
350	1267597922	30.2691029532	-97.7493953705	420315
350	1267540158	30.2691029532	-97.7493953705	420315
350	1267535596	30.2680373406	-97.7493202686	9371
350	1267535545	30.2679095833	-97.7493124167	21714
350	1267524405	30.2691029532	-97.7493953705	420315
350	1267519826	30.2695755256	-97.7495133877	18568
350	1267512979	30.2691029532	-97.7493953705	420315
350	1267458757	30.2224742	-97.8403432	103786
350	1267454120	30.2691029532	-97.7493953705	420315
350	1267448725	30.2679095833	-97.7493124167	21714
350	1267448699	30.2680373406	-97.7493202686	9371
350	1267432772	30.2691029532	-97.7493953705	420315
350	1267369925	30.2734394142	-97.7663683891	16233
350	1267340738	30.2734394142	-97.7663683891	16233
350	1267297859	30.2662396721	-97.7459084988	9225
350	1267296986	30.2691029532	-97.7493953705	420315
350	1267287334	30.2224742	-97.8403432	103786
350	1267190003	30.2691029532	-97.7493953705	420315
350	1267179132	30.2691029532	-97.7493953705	420315
350	1267168298	30.2691029532	-97.7493953705	420315
350	1267107988	30.2691029532	-97.7493953705	420315
350	1267103010	30.2695755256	-97.7495133877	18568
350	1267095005	30.2691029532	-97.7493953705	420315
350	1267091294	30.2703917	-97.7509832333	13339
350	1267081029	30.2679095833	-97.7493124167	21714
350	1267080046	30.2691029532	-97.7493953705	420315
350	1267022161	30.2691029532	-97.7493953705	420315
350	1267014858	30.2680373406	-97.7493202686	9371
350	1267014830	30.2679095833	-97.7493124167	21714
350	1267014191	30.2675137962	-97.741265595	9221
350	1267003424	30.2691029532	-97.7493953705	420315
350	1266992173	30.2691029532	-97.7493953705	420315
350	1266929048	30.2691029532	-97.7493953705	420315
350	1266909977	30.2680373406	-97.7493202686	9371
350	1266909929	30.2679095833	-97.7493124167	21714
350	1266908097	30.2691029532	-97.7493953705	420315
350	1266844353	30.2691029532	-97.7493953705	420315
350	1266838226	30.2694087356	-97.7495884895	188353
350	1266833024	30.2691029532	-97.7493953705	420315
350	1266821569	30.2691029532	-97.7493953705	420315
350	1266773300	30.2367865827	-97.7628627419	18758
350	1266765255	30.2734394142	-97.7663683891	16233
350	1266736067	30.2734394142	-97.7663683891	16233
350	1266688408	30.2662396721	-97.7459084988	9225
350	1266686700	30.2691029532	-97.7493953705	420315
350	1266680590	30.2945530333	-97.78488635	9456
350	1266587075	30.2691029532	-97.7493953705	420315
350	1266574835	30.2670273144	-97.7445030212	17831
350	1266573681	30.2691029532	-97.7493953705	420315
350	1266562194	30.2691029532	-97.7493953705	420315
350	1266507931	30.2015573297	-97.6671266556	9410
350	1266503751	30.2367865827	-97.7628627419	18758
350	1266502356	30.2691029532	-97.7493953705	420315
350	1266498466	30.2679095833	-97.7493124167	21714
350	1266495418	30.2680373406	-97.7493202686	9371
350	1266488203	30.2691029532	-97.7493953705	420315
350	1266476871	30.2691029532	-97.7493953705	420315
350	1266414286	30.2691029532	-97.7493953705	420315
350	1266412218	30.2679095833	-97.7493124167	21714
350	1266412209	30.2680373406	-97.7493202686	9371
350	1266403210	30.2691029532	-97.7493953705	420315
350	1266392387	30.2691029532	-97.7493953705	420315
350	1266327653	30.2691029532	-97.7493953705	420315
350	1266324829	30.2679095833	-97.7493124167	21714
350	1266324809	30.2680373406	-97.7493202686	9371
350	1266316119	30.2691029532	-97.7493953705	420315
350	1266303511	30.2691029532	-97.7493953705	420315
350	1266145819	30.2224742	-97.8403432	103786
350	1266135339	30.2734394142	-97.7663683891	16233
350	1266086122	30.2611219	-97.758677	255878
350	1266085711	30.2623879833	-97.7615833167	9266
350	1266078967	30.2945530333	-97.78488635	9456
350	1266056808	30.2614223833	-97.75902985	13611
350	1266051522	30.2444426402	-97.7519488335	13299
350	1265972272	30.2691029532	-97.7493953705	420315
350	1265962697	30.2679095833	-97.7493124167	21714
350	1265962673	30.2680373406	-97.7493202686	9371
350	1265957702	30.2691029532	-97.7493953705	420315
350	1265812663	30.162883346	-97.7937054634	75514
350	1265806696	30.2679095833	-97.7493124167	21714
350	1265806668	30.2680373406	-97.7493202686	9371
350	1265797867	30.2691029532	-97.7493953705	420315
350	1265786990	30.2691029532	-97.7493953705	420315
350	1265785202	30.2015573297	-97.6671266556	9410
350	1265711995	30.2691029532	-97.7493953705	420315
350	1265698203	30.2691029532	-97.7493953705	420315
350	1265642136	30.2691029532	-97.7493953705	420315
350	1265627080	30.2691029532	-97.7493953705	420315
350	1265616181	30.2691029532	-97.7493953705	420315
350	1265548214	30.162883346	-97.7937054634	75514
350	1265526620	30.2734394142	-97.7663683891	16233
350	1265470431	30.2224742	-97.8403432	103786
350	1265273692	30.2691029532	-97.7493953705	420315
350	1265205444	30.2691029532	-97.7493953705	420315
350	1265191814	30.2691029532	-97.7493953705	420315
350	1265179297	30.2691029532	-97.7493953705	420315
350	1265117341	30.2679095833	-97.7493124167	21714
350	1265117330	30.2680373406	-97.7493202686	9371
350	1265117026	30.2691029532	-97.7493953705	420315
350	1265107200	30.2561088167	-97.74634525	17004
350	1265107184	30.2510462058	-97.7493242919	15326
350	1265107165	30.3172659833	-97.7405977167	11384
350	1265104052	30.2691029532	-97.7493953705	420315
350	1265092267	30.2691029532	-97.7493953705	420315
350	1265020034	30.2691029532	-97.7493953705	420315
350	1265009640	30.2679095833	-97.7493124167	21714
350	1265009591	30.2680373406	-97.7493202686	9371
350	1265007713	30.2691029532	-97.7493953705	420315
350	1264928209	30.2224742	-97.8403432	103786
350	1264921305	30.2734394142	-97.7663683891	16233
350	1264863868	30.131826522	-98.0130377412	11352
350	1264792658	30.2691029532	-97.7493953705	420315
350	1264791745	30.2686303786	-97.7424001694	13087
350	1264788762	30.2662396721	-97.7459084988	9225
350	1264780495	30.2954757167	-97.7842640833	10577
350	1264779460	30.2945530333	-97.78488635	9456
350	1264774356	30.2691029532	-97.7493953705	420315
350	1264769585	30.2680373406	-97.7493202686	9371
350	1264769569	30.2679095833	-97.7493124167	21714
350	1264761685	30.2703917	-97.7509832333	13339
350	1264761196	30.2691029532	-97.7493953705	420315
350	1264749189	30.2691029532	-97.7493953705	420315
350	1264697342	30.2642977167	-97.73298025	15245
350	1264695921	30.2680373406	-97.7493202686	9371
350	1264695905	30.2691029532	-97.7493953705	420315
350	1264691522	30.2224742	-97.8403432	103786
350	1264690789	30.2024382148	-97.8082323074	15593
350	1264680159	30.2015573297	-97.6671266556	9410
350	1264676730	30.2691029532	-97.7493953705	420315
350	1264665331	30.2691029532	-97.7493953705	420315
350	1264653897	30.2691029532	-97.7493953705	420315
350	1264603095	30.2691029532	-97.7493953705	420315
350	1264590395	30.2691029532	-97.7493953705	420315
350	1264575497	30.2691029532	-97.7493953705	420315
350	1264501498	30.2686674434	-97.7505433559	18268
350	1264501483	30.2695755256	-97.7495133877	18568
350	1264501467	30.2694643323	-97.7499103546	293641
350	1264501443	30.2694087356	-97.7495884895	188353
350	1264500900	30.2691029532	-97.7493953705	420315
350	1264489131	30.2691029532	-97.7493953705	420315
350	1264426685	30.2691029532	-97.7493953705	420315
350	1264414421	30.2691029532	-97.7493953705	420315
350	1264402896	30.2691029532	-97.7493953705	420315
350	1264316151	30.2734394142	-97.7663683891	16233
350	1264258107	30.2493640765	-97.7494704723	11368
350	1264253947	30.2015573297	-97.6671266556	9410
350	1264176281	30.2224742	-97.8403432	103786
350	1264169906	30.2691029532	-97.7493953705	420315
350	1264169867	30.2680373406	-97.7493202686	9371
350	1264167157	30.2695755256	-97.7495133877	18568
350	1264156580	30.2691029532	-97.7493953705	420315
350	1264143294	30.2691029532	-97.7493953705	420315
350	1263999431	30.2691029532	-97.7493953705	420315
350	1263999400	30.2695755256	-97.7495133877	18568
350	1263991613	30.2679095833	-97.7493124167	21714
350	1263991593	30.2680373406	-97.7493202686	9371
350	1263987050	30.2691029532	-97.7493953705	420315
350	1263985184	30.2691029532	-97.7493953705	17208
350	1263972478	30.2691029532	-97.7493953705	17208
350	1263905296	30.2691029532	-97.7493953705	17208
350	1263900020	30.2695755256	-97.7495133877	18568
350	1263892643	30.2679095833	-97.7493124167	21714
350	1263892587	30.2680373406	-97.7493202686	9371
350	1263888954	30.2691029532	-97.7493953705	17208
350	1263807868	30.2691029532	-97.7493953705	17208
350	1263792460	30.2691029532	-97.7493953705	17208
350	1263724884	30.5572166774	-97.689871788	12043
350	1263720432	30.5562064833	-97.6878015667	51498
350	1263711756	30.2734394142	-97.7663683891	16233
350	1263556691	30.162883346	-97.7937054634	75514
350	1263487701	30.2224742	-97.8403432	103786
350	1263466580	30.2691029532	-97.7493953705	17208
350	1263453398	30.2691029532	-97.7493953705	17208
350	1263389257	30.2680373406	-97.7493202686	9371
350	1263389226	30.2679095833	-97.7493124167	21714
350	1263380615	30.2691029532	-97.7493953705	17208
350	1263380562	30.2695755256	-97.7495133877	18568
350	1263365279	30.2691029532	-97.7493953705	17208
350	1263303081	30.2691029532	-97.7493953705	17208
350	1263283259	30.2691029532	-97.7493953705	17208
350	1263220784	30.2691029532	-97.7493953705	17208
350	1263220755	30.2695755256	-97.7495133877	18568
350	1263207573	30.2691029532	-97.7493953705	17208
350	1263207537	30.2694643323	-97.7499103546	293641
350	1263192683	30.2691029532	-97.7493953705	17208
350	1263113546	30.2734394142	-97.7663683891	16233
350	1263054974	30.2557309927	-97.7633857727	316637
350	1263051797	30.2546525	-97.762506	13031
350	1262964664	30.2224742	-97.8403432	103786
350	1262879496	30.2678382333	-97.7472925167	9370
350	1262877331	30.2691029532	-97.7493953705	17208
350	1262872346	30.2679095833	-97.7493124167	21714
350	1262850512	30.2691029532	-97.7493953705	17208
350	1262784774	30.2679095833	-97.7493124167	21714
350	1262784741	30.2680373406	-97.7493202686	9371
350	1262774855	30.2691029532	-97.7493953705	17208
350	1262762953	30.2691029532	-97.7493953705	17208
350	1262685041	30.162883346	-97.7937054634	75514
350	1262602378	30.2691029532	-97.7493953705	17208
350	1262602335	30.2695755256	-97.7495133877	18568
350	1262589804	30.2691029532	-97.7493953705	17208
350	1262508684	30.2224742	-97.8403432	103786
350	1262506848	30.2734394142	-97.7663683891	16233
350	1262314397	30.2015573297	-97.6671266556	9410
350	1262190146	30.2649400485	-97.7450233698	10674
350	1262163560	30.2155034833	-97.83969615	21134
350	1262085836	30.2444426402	-97.7519488335	13299
350	1262012847	30.2175793667	-97.8414189667	18744
350	1261933039	30.2015573297	-97.6671266556	9410
350	1261911441	30.2367865827	-97.7628627419	18758
350	1261904260	30.2734394142	-97.7663683891	16233
350	1261589151	30.2955079	-97.7428507667	9453
350	1261588205	30.2680373406	-97.7493202686	9371
350	1261587981	30.2691029532	-97.7493953705	17208
350	1261583598	30.2623879833	-97.7615833167	9266
350	1261583568	30.2624620667	-97.7623715333	51844
350	1261583558	30.2628017711	-97.7621519566	18452
350	1261583448	30.26230215	-97.7614974833	14242
350	1261560272	30.2224742	-97.8403432	103786
350	1261299610	30.2734394142	-97.7663683891	16233
350	1261217524	30.2224742	-97.8403432	103786
350	1261213509	30.2155034833	-97.83969615	21134
350	1261147266	30.2680373406	-97.7493202686	9371
350	1261135638	30.2691029532	-97.7493953705	17208
350	1261129574	30.269767797	-97.7482661605	78290
350	1261120568	30.2691029532	-97.7493953705	17208
350	1261061600	30.2691029532	-97.7493953705	17208
350	1261054236	30.2673979674	-97.7493417263	10740
350	1261053514	30.2679095833	-97.7493124167	21714
350	1261053490	30.2680373406	-97.7493202686	9371
350	1261047376	30.2691029532	-97.7493953705	17208
350	1261047255	30.2694087356	-97.7495884895	188353
350	1261035587	30.2691029532	-97.7493953705	17208
350	1260972290	30.2691029532	-97.7493953705	17208
350	1260958834	30.2691029532	-97.7493953705	17208
350	1260946192	30.2691029532	-97.7493953705	17208
350	1260888449	30.2691029532	-97.7493953705	17208
350	1260888399	30.2680373406	-97.7493202686	9371
350	1260874262	30.2691029532	-97.7493953705	17208
350	1260866861	30.2679095833	-97.7493124167	21714
350	1260866839	30.2680373406	-97.7493202686	9371
350	1260860072	30.2691029532	-97.7493953705	17208
350	1260797651	30.2691029532	-97.7493953705	17208
350	1260794438	30.2679095833	-97.7493124167	21714
350	1260794384	30.2680373406	-97.7493202686	9371
350	1260786569	30.2691029532	-97.7493953705	17208
350	1260774943	30.2691029532	-97.7493953705	17208
350	1260700306	30.4001660009	-97.7263981104	14812
350	1260700275	30.4017692003	-97.7263069153	25510
350	1260688058	30.2734394142	-97.7663683891	16233
350	1260624813	30.2662396721	-97.7459084988	9225
350	1260623907	30.2680373406	-97.7493202686	9371
350	1260623785	30.2691029532	-97.7493953705	17208
350	1260611138	30.2367865827	-97.7628627419	18758
350	1260539160	30.2691029532	-97.7493953705	17208
350	1260528222	30.2748674667	-97.7516181167	18266
350	1260522474	30.2703917	-97.7509832333	13339
350	1260516557	30.2691029532	-97.7493953705	17208
350	1260454655	30.2691029532	-97.7493953705	17208
350	1260451747	30.2679095833	-97.7493124167	21714
350	1260451710	30.2680373406	-97.7493202686	9371
350	1260442120	30.2691029532	-97.7493953705	17208
350	1260442073	30.2695755256	-97.7495133877	18568
350	1260428143	30.2691029532	-97.7493953705	17208
350	1260368303	30.2679095833	-97.7493124167	21714
350	1260368272	30.2680373406	-97.7493202686	9371
350	1260365962	30.2691029532	-97.7493953705	17208
350	1260354103	30.2691029532	-97.7493953705	17208
350	1260341993	30.2691029532	-97.7493953705	17208
350	1260285493	30.2680373406	-97.7493202686	9371
350	1260285313	30.2691029532	-97.7493953705	17208
350	1260269434	30.2670273144	-97.7445030212	17831
350	1260268757	30.2691029532	-97.7493953705	17208
350	1260260039	30.2679095833	-97.7493124167	21714
350	1260259999	30.2680373406	-97.7493202686	9371
350	1260256927	30.2691029532	-97.7493953705	17208
350	1260194841	30.2691029532	-97.7493953705	17208
350	1260182810	30.2691029532	-97.7493953705	17208
350	1260172937	30.2673979674	-97.7493417263	10740
350	1260172887	30.2679095833	-97.7493124167	21714
350	1260172829	30.2680373406	-97.7493202686	9371
350	1260169366	30.2691029532	-97.7493953705	17208
350	1260082527	30.2734394142	-97.7663683891	16233
350	1260005671	30.2367865827	-97.7628627419	18758
350	1259938235	30.2691029532	-97.7493953705	17208
350	1259926959	30.2691029532	-97.7493953705	17208
350	1259921783	30.2702114098	-97.7497132123	15478
350	1259911663	30.2691029532	-97.7493953705	17208
350	1259854977	30.2367865827	-97.7628627419	18758
350	1259853705	30.2691029532	-97.7493953705	17208
350	1259840338	30.2691029532	-97.7493953705	17208
350	1259827188	30.2691029532	-97.7493953705	17208
350	1259768027	30.2691029532	-97.7493953705	17208
350	1259757893	30.2679095833	-97.7493124167	21714
350	1259757880	30.2680373406	-97.7493202686	9371
350	1259749245	30.269767797	-97.7482661605	78290
350	1259748770	30.2691029532	-97.7493953705	17208
350	1259737027	30.2758526667	-97.74752855	10595
350	1259737016	30.2691029532	-97.7493953705	17208
350	1259686678	30.2767889212	-97.7420300245	85953
350	1259678482	30.2679095833	-97.7493124167	21714
350	1259673806	30.2691029532	-97.7493953705	17208
350	1259663784	30.2695755256	-97.7495133877	18568
350	1259650293	30.2691029532	-97.7493953705	17208
350	1259592753	30.2680373406	-97.7493202686	9371
350	1259577563	30.2691029532	-97.7493953705	17208
350	1259566894	30.2680373406	-97.7493202686	9371
350	1259566875	30.2679095833	-97.7493124167	21714
350	1259565702	30.2691029532	-97.7493953705	17208
350	1259513685	30.2707337816	-97.7537029982	9241
350	1259477479	30.2734394142	-97.7663683891	16233
350	1259324429	30.2680373406	-97.7493202686	9371
350	1259320228	30.2702114098	-97.7497132123	15478
350	1259318644	30.2634181234	-97.7575966669	16516
350	1259318626	30.2585389774	-97.7596950531	14516
350	1259318547	30.2638211074	-97.763364315	9267
350	1259315550	30.2675554945	-97.767291069	32100
350	1259315521	30.2663469167	-97.7711749	10056
350	1259169559	30.2015573297	-97.6671266556	9410
350	1259169504	30.2021785863	-97.6674592495	89732
350	1259162703	30.2367865827	-97.7628627419	18758
350	1259147262	30.2696496544	-97.7489876747	19267
350	1259143573	30.2691029532	-97.7493953705	17208
350	1259131942	30.2680373406	-97.7493202686	9371
350	1259131399	30.2679095833	-97.7493124167	21714
350	1259130961	30.2691029532	-97.7493953705	17208
350	1259072101	30.2691029532	-97.7493953705	17208
350	1259072075	30.2698255833	-97.7485237333	127465
350	1259060162	30.2691029532	-97.7493953705	17208
350	1259054734	30.2707337816	-97.7537029982	9241
350	1259053816	30.269767797	-97.7482661605	78290
350	1259045617	30.2691029532	-97.7493953705	17208
350	1258985853	30.2691029532	-97.7493953705	17208
350	1258973555	30.2691029532	-97.7493953705	17208
350	1258971872	30.269767797	-97.7482661605	78290
350	1258961672	30.2680373406	-97.7493202686	9371
350	1258961554	30.2679095833	-97.7493124167	21714
350	1258961149	30.2691029532	-97.7493953705	17208
350	1258880086	30.2734394142	-97.7663683891	16233
350	1258796493	30.2367865827	-97.7628627419	18758
350	1258722536	30.2691029532	-97.7493953705	17208
350	1258706632	30.2691029532	-97.7493953705	17208
350	1258666051	30.2691029532	-97.7493953705	17208
350	1258664410	30.2662396721	-97.7459084988	9225
350	1258646619	30.2672543395	-97.739444375	9249
350	1258643623	30.27003765	-97.7509403167	13340
350	1258643613	30.2679095833	-97.7493124167	21714
350	1258643601	30.2703917	-97.7509832333	13339
350	1258643587	30.2671848421	-97.7500927448	99095
350	1258642808	30.2691029532	-97.7493953705	17208
350	1258629129	30.2691029532	-97.7493953705	17208
350	1258618227	30.2691029532	-97.7493953705	17208
350	1258565230	30.2691029532	-97.7493953705	17208
350	1258558461	30.2707337816	-97.7537029982	9241
350	1258544769	30.2691029532	-97.7493953705	17208
350	1258484246	30.2155034833	-97.83969615	21134
350	1258467195	30.2691029532	-97.7493953705	17208
350	1258451699	30.2691029532	-97.7493953705	17208
350	1258451303	30.269767797	-97.7482661605	78290
350	1258439648	30.2691029532	-97.7493953705	17208
350	1258379794	30.2691029532	-97.7493953705	17208
350	1258366652	30.2670273144	-97.7445030212	17831
350	1258365804	30.2691029532	-97.7493953705	17208
350	1258352250	30.2691029532	-97.7493953705	17208
350	1258282345	30.2367865827	-97.7628627419	18758
350	1258274991	30.2734394142	-97.7663683891	16233
350	1258222544	30.2691029532	-97.7493953705	17208
350	1258215079	30.2672543395	-97.739444375	9249
350	1258214980	30.26747125	-97.7402715667	38000
350	1258214914	30.2667400573	-97.739084959	23797
350	1258214890	30.2670013833	-97.7397823333	9474
350	1258214878	30.2673447	-97.7398467	9475
350	1258214863	30.2671570431	-97.739149332	93562
350	1258214647	30.26717945	-97.73914405	32823
350	1258214574	30.2672803333	-97.7389025667	13452
350	1258211288	30.2691029532	-97.7493953705	17208
350	1258207250	30.2662396721	-97.7459084988	9225
350	1258205842	30.2717435333	-97.7451252833	10617
350	1258205020	30.2715718667	-97.7374649	10477
350	1258193520	30.2621994311	-97.7390956879	9254
350	1258193453	30.2619802833	-97.7295041	9260
350	1258192372	30.2691029532	-97.7493953705	17208
350	1258191080	30.2680373406	-97.7493202686	9371
350	1258105859	30.269767797	-97.7482661605	78290
350	1258104085	30.2691029532	-97.7493953705	17208
350	1258091417	30.2691029532	-97.7493953705	17208
350	1258043285	30.2155034833	-97.83969615	21134
350	1258033656	30.2691029532	-97.7493953705	17208
350	1258019890	30.2691029532	-97.7493953705	17208
350	1258007925	30.2691029532	-97.7493953705	17208
350	1257954015	30.1623546036	-97.7905404568	3475086
350	1257949421	30.2691029532	-97.7493953705	17208
350	1257933648	30.2691029532	-97.7493953705	17208
350	1257920256	30.2691029532	-97.7493953705	17208
350	1257861611	30.2691029532	-97.7493953705	17208
350	1257848744	30.269767797	-97.7482661605	78290
350	1257847691	30.2691029532	-97.7493953705	17208
350	1257836395	30.2691029532	-97.7493953705	17208
350	1257665318	32.8996753667	-97.2401618833	12615
350	1257608769	33.0365140407	-97.2814464569	9841
350	1257608740	33.0365140407	-97.2814464569	9841
350	1257407427	30.162883346	-97.7937054634	75514
350	1257272754	30.30419825	-97.7315425833	10428
350	1257264091	30.2367865827	-97.7628627419	18758
350	1257157514	30.2691029532	-97.7493953705	17208
350	1257152084	30.2680373406	-97.7493202686	9371
350	1257151892	30.2679095833	-97.7493124167	21714
350	1257145644	30.2691029532	-97.7493953705	17208
350	1257145599	30.2671199778	-97.7498352528	72721
350	1256980300	30.2155034833	-97.83969615	21134
350	1256812059	30.2703917	-97.7509832333	13339
350	1256804977	30.2691029532	-97.7493953705	17208
350	1256739252	30.2155034833	-97.83969615	21134
350	1256735970	30.2691029532	-97.7493953705	17208
350	1256724018	30.2691029532	-97.7493953705	17208
350	1256719922	30.2702114098	-97.7497132123	15478
350	1256715589	30.2699924993	-97.7542555332	24457
350	1256708839	30.2691029532	-97.7493953705	17208
350	1256646730	30.2691029532	-97.7493953705	17208
350	1256637249	30.2509617667	-97.75437355	10475
350	1256637227	30.2494812	-97.7552103833	10416
350	1256637089	30.2510314833	-97.754092	49904
350	1256636988	30.2602348501	-97.7509617805	15653
350	1256636946	30.2651181167	-97.7478270833	35000
350	1256636924	30.265405691	-97.7477914095	46946
350	1256636895	30.26661515	-97.7486014333	13049
350	1256633512	30.2691029532	-97.7493953705	17208
350	1256633478	30.2691029532	-97.7493953705	17208
350	1256633011	30.2691029532	-97.7493953705	17208
350	1256632983	30.2691029532	-97.7493953705	17208
350	1256632972	30.2691029532	-97.7493953705	17208
350	1256624324	30.2691029532	-97.7493953705	17208
350	1256624310	30.2691029532	-97.7493953705	17208
350	1256624300	30.2691029532	-97.7493953705	17208
350	1256564537	30.2691029532	-97.7493953705	17208
350	1256564512	30.2691029532	-97.7493953705	17208
350	1256551350	30.2691029532	-97.7493953705	17208
350	1256537990	30.2691029532	-97.7493953705	17208
350	1256464646	30.2367865827	-97.7628627419	18758
350	1256458635	30.2734394142	-97.7663683891	16233
350	1256310596	30.2155034833	-97.83969615	21134
350	1256297422	30.2691029532	-97.7493953705	17208
350	1256288051	30.27055195	-97.7483066333	18328
350	1256288031	30.2695945667	-97.7481275333	31324
350	1256282984	30.2691029532	-97.7493953705	17208
350	1256138922	30.2155034833	-97.83969615	21134
350	1256128588	30.2721083	-97.7529573333	11013
350	1256122066	30.2691029532	-97.7493953705	17208
350	1256110136	30.2691029532	-97.7493953705	17208
350	1256042684	30.2695945667	-97.7481275333	31324
350	1256042669	30.2691029532	-97.7493953705	17208
350	1256042636	30.2667493237	-97.7498245239	33485
350	1256027093	30.2650364594	-97.7461831119	9335
350	1256027016	30.2649400485	-97.7450233698	10674
350	1256027000	30.2652852265	-97.7467882633	19061
350	1256025520	30.2691029532	-97.7493953705	17208
350	1256013979	30.2702612148	-97.7500927448	51856
350	1256013956	30.2698105017	-97.7489702462	42124
350	1256013897	30.2691029532	-97.7493953705	17208
350	1255942140	30.2691029532	-97.7493953705	17208
350	1255931269	30.2691029532	-97.7493953705	17208
350	1255850967	30.2734394142	-97.7663683891	16233
350	1255687478	30.2703917	-97.7509832333	13339
350	1255685542	30.2691029532	-97.7493953705	17208
350	1255685493	30.2671663094	-97.7463054657	37916
350	1255683378	30.2701632167	-97.7504193	41937
350	1255682405	30.2695755256	-97.7495133877	18568
350	1255674343	30.2691029532	-97.7493953705	17208
350	1255602057	30.2691029532	-97.7493953705	17208
350	1255586569	30.2691029532	-97.7493953705	17208
350	1255333841	30.2691029532	-97.7493953705	17208
350	1255239917	30.2734394142	-97.7663683891	16233
350	1255086988	30.2691029532	-97.7493953705	17208
350	1255077872	30.2719267709	-97.7544701099	16238
350	1255077841	30.27195745	-97.7541688167	23257
350	1255077788	30.2707337816	-97.7537029982	9241
350	1255067944	30.2691029532	-97.7493953705	17208
350	1255007891	30.2691029532	-97.7493953705	17208
350	1254991809	30.2691029532	-97.7493953705	17208
350	1254980273	30.2691029532	-97.7493953705	17208
350	1254925936	30.2691029532	-97.7493953705	17208
350	1254901869	30.2686674434	-97.7505433559	18268
350	1254901840	30.2679777	-97.7500391	10672
350	1254901780	30.2673979674	-97.7493417263	10740
350	1254901752	30.2680373406	-97.7493202686	9371
350	1254901736	30.2679095833	-97.7493124167	21714
350	1254897432	30.2691029532	-97.7493953705	17208
350	1254844998	30.2741899361	-97.7404904366	9233
350	1254833412	30.2691029532	-97.7493953705	17208
350	1254821564	30.2695755256	-97.7495133877	18568
350	1254819859	30.2691029532	-97.7493953705	17208
350	1254664037	30.2734394142	-97.7663683891	16233
350	1254570631	30.2155034833	-97.83969615	21134
350	1254490291	30.2691029532	-97.7493953705	17208
350	1254476489	30.2668082667	-97.7459406833	9299
350	1254476430	30.2691029532	-97.7493953705	17208
350	1254467092	30.2680373406	-97.7493202686	9371
350	1254466971	30.2679095833	-97.7493124167	21714
350	1254460361	30.2691029532	-97.7493953705	17208
350	1254394168	30.2691029532	-97.7493953705	17208
350	1254381890	30.2691029532	-97.7493953705	17208
350	1254378522	30.2679095833	-97.7493124167	21714
350	1254378497	30.2680373406	-97.7493202686	9371
350	1254369506	30.2691029532	-97.7493953705	17208
350	1254314725	30.2691029532	-97.7493953705	17208
350	1254304763	30.2686674434	-97.7505433559	18268
350	1254304748	30.2695755256	-97.7495133877	18568
350	1254299198	30.2691029532	-97.7493953705	17208
350	1254287451	30.2691029532	-97.7493953705	17208
350	1254227420	30.2691029532	-97.7493953705	17208
350	1254217507	30.2367865827	-97.7628627419	18758
350	1254216472	30.2691029532	-97.7493953705	17208
350	1254210613	30.2678382333	-97.7472925167	9370
350	1254206638	30.2679095833	-97.7493124167	21714
350	1254206580	30.2680373406	-97.7493202686	9371
350	1254201949	30.2691029532	-97.7493953705	17208
350	1254128275	30.2691029532	-97.7493953705	17208
350	1254119627	30.2679095833	-97.7493124167	21714
350	1254115886	30.2691029532	-97.7493953705	17208
350	1254067493	30.26230215	-97.7614974833	14242
350	1254067430	30.26175155	-97.7618140833	22071
350	1254059800	30.2734394142	-97.7663683891	16233
350	1253951564	30.2155034833	-97.83969615	21134
350	1253858769	30.2691029532	-97.7493953705	17208
350	1253778674	30.270083	-97.750427	9510
350	1253778626	30.2680373406	-97.7493202686	9371
350	1253778606	30.2702114098	-97.7497132123	15478
350	1253778587	30.2696496544	-97.7489876747	19267
350	1253778575	30.2686674434	-97.7505433559	18268
350	1253778537	30.2698905167	-97.7493256	23534
350	1253778520	30.2695755256	-97.7495133877	18568
350	1253778492	30.2691029532	-97.7493953705	17208
350	1253710435	30.2691029532	-97.7493953705	17208
350	1253697100	30.2702114098	-97.7497132123	15478
350	1253696846	30.2691029532	-97.7493953705	17208
350	1253682874	30.2691029532	-97.7493953705	17208
350	1253682214	30.2450661333	-97.7515263333	20922
350	1253620953	30.2691029532	-97.7493953705	17208
350	1253612812	30.2698905167	-97.7493256	23534
350	1253612766	30.2719267709	-97.7544701099	16238
350	1253612705	30.2721083	-97.7529573333	11013
350	1253612696	30.2699924993	-97.7542555332	24457
350	1253612685	30.2718293667	-97.7533221167	9240
350	1253606074	30.2691029532	-97.7493953705	17208
350	1253594013	30.2680373406	-97.7493202686	9371
350	1253593988	30.2679095833	-97.7493124167	21714
350	1253593891	30.2691029532	-97.7493953705	17208
350	1253550752	30.2155034833	-97.83969615	21134
350	1253542165	30.2576215259	-97.8069019318	9411
350	1253534351	30.2680373406	-97.7493202686	9371
350	1253532388	30.2691029532	-97.7493953705	17208
350	1253466444	30.259120489	-97.7463912964	10410
350	1253464878	30.2616897558	-97.7451789379	9282
350	1253458144	30.3323829167	-97.7401471	11921
350	1253193457	30.5572166774	-97.689871788	12043
350	1252825704	32.8996753667	-97.2401618833	12615
350	1252650129	30.2666937255	-97.7457904816	22199
350	1252312047	32.8304498469	-97.1997356415	10795
350	1252218754	32.8996753667	-97.2401618833	12615
350	1252076990	32.940099	-97.115691	8961
350	1251904862	32.8996753667	-97.2401618833	12615
350	1251641219	32.8996753667	-97.2401618833	12615
350	1251618208	32.8996753667	-97.2401618833	12615
350	1251277337	32.9433880764	-97.1319401264	9126
350	1251188226	32.940099	-97.115691	8961
350	1251107155	32.9388253194	-97.1041309834	9208
350	1251013503	30.2734394142	-97.7663683891	16233
350	1250964267	30.2578254048	-97.8081786633	22192
350	1250964229	30.2581590238	-97.8077495098	18415
350	1250964215	30.2576215259	-97.8069019318	9411
350	1250849194	30.4704437516	-97.8066444397	10030
350	1250840139	30.3959022416	-97.7489340305	11348
350	1250801100	30.3832880126	-97.737518549	10060
350	1250801073	30.3877437	-97.73916005	10059
350	1250753322	30.2637934667	-97.7419281	9449
350	1250670944	30.2674412667	-97.7473139667	13719
350	1250670884	30.2703917	-97.7509832333	13339
350	1250670843	30.27003765	-97.7509403167	13340
350	1250670768	30.27055195	-97.7483066333	18328
350	1250670725	30.2673979674	-97.7493417263	10740
350	1250670709	30.270083	-97.750427	9510
350	1250670666	30.2679777	-97.7500391	10672
350	1250670605	30.2696496544	-97.7489876747	19267
350	1250670574	30.2702114098	-97.7497132123	15478
350	1250670563	30.2686674434	-97.7505433559	18268
350	1250670529	30.2695755256	-97.7495133877	18568
350	1250670479	30.2691029532	-97.7493953705	17208
350	1250670449	30.2670273144	-97.7445030212	17831
350	1250240185	32.7548161163	-97.3307400942	14628
350	1250155722	32.9433880764	-97.1319401264	9126
350	1248965200	32.7944177569	-96.8000006676	9066
350	1248858085	45.5178649727	-122.6768374443	19104
350	1248352057	45.5889060639	-122.5931739807	17165
350	1248332544	32.9046410512	-97.0359814167	9310
350	1248332527	32.8974616458	-97.040348053	10259
350	1247820475	32.9449092667	-97.12865755	16570
350	1247654535	32.9438112506	-97.1304541826	9056
350	1247650515	32.9454544079	-97.1291828156	11604
350	1247564260	32.94502615	-97.12890385	12892
350	1246780448	32.8996753667	-97.2401618833	12615
