267	1287567840	30.2691029532	-97.7493953705	420315
267	1287555915	30.2679095833	-97.7493124167	21714
267	1287494679	30.2691029532	-97.7493953705	420315
267	1287466372	30.269767797	-97.7482661605	78290
267	1287418846	30.3067650667	-97.7445846167	120362
267	1287410295	30.255337127	-97.7626669407	43638
267	1287407600	30.2955079	-97.7428507667	9453
267	1287406350	30.2450661333	-97.7515263333	20922
267	1287402013	30.2668906357	-97.7456858754	9223
267	1287381615	30.26485415	-97.7438453833	480992
267	1287334809	30.2628017711	-97.7621519566	18452
267	1287323727	30.2734579457	-97.7664220333	820726
267	1287310205	30.2707337816	-97.7537029982	9241
267	1287302813	30.2557309927	-97.7633857727	316637
267	1287251487	30.2719267709	-97.7544701099	16238
267	1287220694	30.2497407833	-97.7546744833	37156
267	1287130522	30.2691029532	-97.7493953705	420315
267	1287123564	30.2679095833	-97.7493124167	21714
267	1287082122	30.2662396721	-97.7459084988	9225
267	1287079865	30.2695755256	-97.7495133877	18568
267	1287058105	30.2679095833	-97.7493124167	21714
267	1287042687	30.3101526622	-97.7401578426	1067829
267	1287042657	30.3172659833	-97.7405977167	11384
267	1286965454	30.2691029532	-97.7493953705	420315
267	1286950935	30.2679095833	-97.7493124167	21714
267	1286909117	30.2668906357	-97.7456858754	9223
267	1286897700	30.2367865827	-97.7628627419	18758
267	1286893959	30.2654334905	-97.755907774	22086
267	1286882473	30.2691029532	-97.7493953705	420315
267	1286868148	30.2691029532	-97.7493953705	420315
267	1286865919	30.2679095833	-97.7493124167	21714
267	1286817645	30.2707337816	-97.7537029982	9241
267	1286781834	30.2691029532	-97.7493953705	420315
267	1286778162	30.2679095833	-97.7493124167	21714
267	1286731996	30.2671848421	-97.7627635002	4995246
267	1286716705	30.2674906304	-97.7704024315	4992438
267	1286704475	30.27195745	-97.7541688167	23257
267	1286700933	30.2679095833	-97.7493124167	21714
267	1286698988	30.25838725	-97.7876332667	31928
267	1286658195	30.269767797	-97.7482661605	78290
267	1286615976	30.2666103281	-97.7646839619	4997564
267	1286613357	30.2707337816	-97.7537029982	9241
267	1286555049	30.2666103281	-97.7646839619	4997564
267	1286552885	30.2674906304	-97.7704024315	4992438
267	1286524019	30.26485415	-97.7438453833	480992
267	1286516643	30.2620048281	-97.7416920662	20063
267	1286489933	30.2668906357	-97.7456858754	9223
267	1286479748	30.2702114098	-97.7497132123	15478
267	1286438048	30.2691029532	-97.7493953705	420315
267	1286432563	30.269767797	-97.7482661605	78290
267	1286431689	30.2679095833	-97.7493124167	21714
267	1286393235	30.2607051484	-97.7378162742	85830
267	1286377673	30.2686964002	-97.7456147969	9313
267	1286344715	30.2679095833	-97.7493124167	21714
267	1286279848	30.26766669	-97.7709388733	9262
267	1286277919	30.2679095833	-97.7493124167	21714
267	1286267673	30.2691029532	-97.7493953705	420315
267	1286257625	30.2679095833	-97.7493124167	21714
267	1286174170	30.2679095833	-97.7493124167	21714
267	1286096029	30.2367865827	-97.7628627419	18758
267	1286094727	30.27195745	-97.7541688167	23257
267	1286090802	30.2795831833	-97.7594679667	15678
267	1286025500	30.2580106167	-97.7397394167	9256
267	1286011421	30.2448597206	-97.7571630478	18417
267	1286009121	30.2707337816	-97.7537029982	9241
267	1285954293	30.2557309927	-97.7633857727	316637
267	1285952028	30.2546525	-97.762506	13031
267	1285854098	30.2691029532	-97.7493953705	420315
267	1285838838	30.2670273144	-97.7445030212	17831
267	1285826641	30.2679095833	-97.7493124167	21714
267	1285781442	30.2678382333	-97.7472925167	9370
267	1285776804	30.26717305	-97.7446746667	88066
267	1285740248	30.2679095833	-97.7493124167	21714
267	1285709587	30.272031012	-97.7541106939	140363
267	1285694943	30.2668906357	-97.7456858754	9223
267	1285676332	30.2679095833	-97.7493124167	21714
267	1285667281	30.2691029532	-97.7493953705	420315
267	1285653508	30.2679095833	-97.7493124167	21714
267	1285604940	30.3067650667	-97.7445846167	120362
267	1285570506	30.2691029532	-97.7493953705	420315
267	1285515781	30.2748674667	-97.7516181167	18266
267	1285415777	30.2714843241	-97.7416706085	13469
267	1285408005	30.2634181234	-97.7575966669	16516
267	1285352501	30.2671663094	-97.7463054657	37916
267	1285349964	30.2668906357	-97.7456858754	9223
267	1285347920	30.269767797	-97.7482661605	78290
267	1285323440	30.2691029532	-97.7493953705	420315
267	1285308858	30.2679095833	-97.7493124167	21714
267	1285268305	30.2695755256	-97.7495133877	18568
267	1285253739	30.3172659833	-97.7405977167	11384
267	1285225844	30.2691029532	-97.7493953705	420315
267	1285181271	30.2694643323	-97.7499103546	293641
267	1285169627	30.265405691	-97.7477914095	46946
267	1285157491	30.2679095833	-97.7493124167	21714
267	1285142980	30.2691029532	-97.7493953705	420315
267	1285088671	30.2748674667	-97.7516181167	18266
267	1285067734	30.2691029532	-97.7493953705	420315
267	1285050508	30.2691029532	-97.7493953705	420315
267	1285050018	30.2679095833	-97.7493124167	21714
267	1284983182	30.2679095833	-97.7493124167	21714
267	1284972184	30.2691029532	-97.7493953705	420315
267	1284965196	30.2679095833	-97.7493124167	21714
267	1284883686	30.2670273144	-97.7445030212	17831
267	1284881621	30.2668906357	-97.7456858754	9223
267	1284808692	30.2855489862	-97.7420032024	43933
267	1284801993	30.25838725	-97.7876332667	31928
267	1284758128	30.272031012	-97.7541106939	140363
267	1284742713	30.2546525	-97.762506	13031
267	1284660024	30.2668906357	-97.7456858754	9223
267	1284650170	30.2703917	-97.7509832333	13339
267	1284638058	30.2691029532	-97.7493953705	420315
267	1284580076	30.2015573297	-97.6671266556	9410
267	1284575207	32.8974616458	-97.040348053	10259
267	1284558935	45.5889060639	-122.5931739807	17165
267	1284482336	45.5889060639	-122.5931739807	17165
267	1284471612	45.5188873508	-122.6793050766	17303
267	1284364925	45.5226767	-122.6733613	13281
267	1284321361	45.5644695282	-122.6299524307	17654
267	1284225236	45.5240816466	-122.6754963398	17397
267	1284211450	45.5230556045	-122.6812309027	17645
267	1284209405	45.5188873508	-122.6793050766	17303
267	1284208350	45.5178649727	-122.6768374443	19104
267	1284208031	45.5181506391	-122.6771271229	64667
267	1284154607	45.5889060639	-122.5931739807	17165
267	1284144834	40.7862280278	-111.9822263718	34041
267	1284130114	30.2015573297	-97.6671266556	9410
267	1284110427	30.2695755256	-97.7495133877	18568
267	1284100763	30.2691029532	-97.7493953705	420315
267	1284100467	30.2679095833	-97.7493124167	21714
267	1284051837	30.2937038167	-97.7417999	38449
267	1284022775	30.4015818147	-97.7265161276	11591
267	1283967276	30.2699924993	-97.7542555332	24457
267	1283965129	30.2707337816	-97.7537029982	9241
267	1283929519	30.2691029532	-97.7493953705	420315
267	1283925826	30.2679095833	-97.7493124167	21714
267	1283839735	30.2679095833	-97.7493124167	21714
267	1283787122	30.3237125167	-97.7274703833	24986
267	1283776919	30.26175155	-97.7618140833	22071
267	1283592861	30.2748674667	-97.7516181167	18266
267	1283588364	30.2341262875	-97.8287029266	53485
267	1283551195	30.269767797	-97.7482661605	78290
267	1283537936	30.2686964002	-97.7456147969	9313
267	1283535134	30.2668906357	-97.7456858754	9223
267	1283534182	30.2724370667	-97.7557640667	92535
267	1283496771	30.2691029532	-97.7493953705	420315
267	1283495783	30.269767797	-97.7482661605	78290
267	1283495200	30.2679095833	-97.7493124167	21714
267	1283450685	30.2668906357	-97.7456858754	9223
267	1283443076	30.2665825289	-97.7369606495	15537
267	1283430850	30.2691029532	-97.7493953705	420315
267	1283408755	30.2679095833	-97.7493124167	21714
267	1283369399	30.2607051484	-97.7378162742	85830
267	1283356508	30.2528845	-97.7005691333	96758
267	1283326883	30.2679095833	-97.7493124167	21714
267	1283277044	30.2668906357	-97.7456858754	9223
267	1283267905	30.3237125167	-97.7274703833	24986
267	1283241954	30.2691029532	-97.7493953705	420315
267	1283237186	30.2679095833	-97.7493124167	21714
267	1283185403	30.269767797	-97.7482661605	78290
267	1283148505	30.2679095833	-97.7493124167	21714
267	1282999842	30.2634181234	-97.7575966669	16516
267	1282988732	30.2634181234	-97.7575966669	16516
267	1282938748	30.2685191842	-97.7361774445	9227
267	1282907441	30.2691029532	-97.7493953705	420315
267	1282905256	30.2670273144	-97.7445030212	17831
267	1282890840	30.2679095833	-97.7493124167	21714
267	1282834320	30.2662396721	-97.7459084988	9225
267	1282759387	30.2607051484	-97.7378162742	85830
267	1282717355	30.2679095833	-97.7493124167	21714
267	1282667086	30.2724370667	-97.7557640667	92535
267	1282635235	30.2691029532	-97.7493953705	420315
267	1282628536	30.2707337816	-97.7537029982	9241
267	1282464854	30.2734579457	-97.7664220333	820726
267	1282413231	30.26230215	-97.7614974833	14242
267	1282387384	30.2724370667	-97.7557640667	92535
267	1282286120	30.2679095833	-97.7493124167	21714
267	1282204198	30.2691029532	-97.7493953705	420315
267	1282122672	30.2707337816	-97.7537029982	9241
267	1282068542	30.2649630167	-97.73164035	99753
267	1282050479	30.2691029532	-97.7493953705	420315
267	1282048563	30.2679095833	-97.7493124167	21714
267	1281940308	30.2679095833	-97.7493124167	21714
267	1281899985	30.2640527733	-97.74543643	221074
267	1281884579	30.2561088167	-97.74634525	17004
267	1281784077	30.3101526622	-97.7401578426	1067829
267	1281781382	30.2581590238	-97.8077495098	18415
267	1281781101	30.2580037984	-97.8073015809	1180605
267	1281780811	30.2576215259	-97.8069019318	9411
267	1281731143	30.2662396721	-97.7459084988	9225
267	1281696352	30.2691029532	-97.7493953705	420315
267	1281597818	30.2691029532	-97.7493953705	420315
267	1281595620	30.2679095833	-97.7493124167	21714
267	1281554112	30.2662396721	-97.7459084988	9225
267	1281543148	30.2645624362	-97.7311885357	20918
267	1281512891	30.2691029532	-97.7493953705	420315
267	1281507239	30.2679095833	-97.7493124167	21714
267	1281506321	30.2707337816	-97.7537029982	9241
267	1281455912	30.2695755256	-97.7495133877	18568
267	1281420408	30.2679095833	-97.7493124167	21714
267	1281369423	30.3067650667	-97.7445846167	120362
267	1281366911	30.2691029532	-97.7493953705	420315
267	1281336095	30.2691029532	-97.7493953705	420315
267	1281333890	30.2679095833	-97.7493124167	21714
267	1281330579	30.2497407833	-97.7546744833	37156
267	1281288776	30.3237125167	-97.7274703833	24986
267	1281283150	30.2734579457	-97.7664220333	820726
267	1281266439	30.2955357104	-97.7416491508	15255
267	1281210122	30.2694643323	-97.7499103546	293641
267	1281167112	30.2497407833	-97.7546744833	37156
267	1281123390	30.2657852173	-97.7439193726	226769
267	1281121789	30.2668906357	-97.7456858754	9223
267	1281112714	30.2546525	-97.762506	13031
267	1281104940	30.2690658886	-97.7456724644	1038401
267	1281083365	30.2691029532	-97.7493953705	420315
267	1281076343	30.2679095833	-97.7493124167	21714
267	1280998968	30.2707337816	-97.7537029982	9241
267	1280987259	30.2691029532	-97.7493953705	420315
267	1280986079	30.2679095833	-97.7493124167	21714
267	1280936804	30.26230215	-97.7614974833	14242
267	1280912822	30.2695755256	-97.7495133877	18568
267	1280905970	30.2691029532	-97.7493953705	420315
267	1280904398	30.2679095833	-97.7493124167	21714
267	1280901217	30.2497407833	-97.7546744833	37156
267	1280863461	30.2668906357	-97.7456858754	9223
267	1280818966	30.2691029532	-97.7493953705	420315
267	1280816283	30.2679095833	-97.7493124167	21714
267	1280805789	30.2444426402	-97.7519488335	13299
267	1280768060	30.2724370667	-97.7557640667	92535
267	1280741869	30.2695755256	-97.7495133877	18568
267	1280730738	30.2691029532	-97.7493953705	420315
267	1280729349	30.2679095833	-97.7493124167	21714
267	1280680704	30.3237125167	-97.7274703833	24986
267	1280669312	30.2741899361	-97.7404904366	9233
267	1280664302	30.2721083	-97.7529573333	11013
267	1280657992	30.2707337816	-97.7537029982	9241
267	1280650279	30.2734579457	-97.7664220333	820726
267	1280648390	30.2679095833	-97.7493124167	21714
267	1280594447	30.2955079	-97.7428507667	9453
267	1280589056	30.2839624116	-97.7195155621	19370
267	1280578012	30.2510462058	-97.7493242919	15326
267	1280569263	30.2367865827	-97.7628627419	18758
267	1280560009	30.2674412667	-97.7473139667	13719
267	1280559027	30.2680373406	-97.7493202686	9371
267	1280559007	30.2679095833	-97.7493124167	21714
267	1280513605	30.2668906357	-97.7456858754	9223
267	1280501298	30.2546525	-97.762506	13031
267	1280468599	30.2679095833	-97.7493124167	21714
267	1280428299	30.2691029532	-97.7493953705	420315
267	1280428280	30.2696496544	-97.7489876747	19267
267	1280385117	30.2679095833	-97.7493124167	21714
267	1280298882	30.2679095833	-97.7493124167	21714
267	1280257712	30.2550730045	-97.761926651	498041
267	1280246035	30.2695755256	-97.7495133877	18568
267	1280213670	30.2691029532	-97.7493953705	420315
267	1280211105	30.2679095833	-97.7493124167	21714
267	1280162716	30.3237125167	-97.7274703833	24986
267	1280129287	30.2691029532	-97.7493953705	420315
267	1280084970	30.2685191842	-97.7361774445	9227
267	1280079704	30.2695755256	-97.7495133877	18568
267	1280067505	30.2718293667	-97.7533221167	9240
267	1280054815	30.2696496544	-97.7489876747	19267
267	1280047347	30.2734579457	-97.7664220333	820726
267	1280047336	30.2734394142	-97.7663683891	16233
267	1280044080	30.2707337816	-97.7537029982	9241
267	1279996134	30.2668906357	-97.7456858754	9223
267	1279989824	30.2510314833	-97.754092	49904
267	1279898461	30.2546525	-97.762506	13031
267	1279892675	30.2691029532	-97.7493953705	420315
267	1279867235	30.2691029532	-97.7493953705	420315
267	1279819966	30.2707337816	-97.7537029982	9241
267	1279789791	30.2691029532	-97.7493953705	420315
267	1279726297	30.2707337816	-97.7537029982	9241
267	1279705034	30.2695755256	-97.7495133877	18568
267	1279693372	30.2679095833	-97.7493124167	21714
267	1279644191	30.2679632105	-97.7432799339	31259
267	1279608245	30.2691029532	-97.7493953705	420315
267	1279606933	30.2679095833	-97.7493124167	21714
267	1279562774	30.2694643323	-97.7499103546	293641
267	1279559669	30.2665917953	-97.7367460728	9337
267	1279553753	30.2677037551	-97.7492344379	65996
267	1279523022	30.2691029532	-97.7493953705	420315
267	1279521260	30.2679095833	-97.7493124167	21714
267	1279467373	30.2686674434	-97.7505433559	18268
267	1279462263	30.2645624362	-97.7311885357	20918
267	1279448202	30.3237857752	-97.7265000343	13505
267	1279443618	30.2707337816	-97.7537029982	9241
267	1279391479	30.2557309927	-97.7633857727	316637
267	1279353213	30.2686674434	-97.7505433559	18268
267	1279307267	30.26780605	-97.74154185	9222
267	1279305193	30.2668906357	-97.7456858754	9223
267	1279296910	30.2546525	-97.762506	13031
267	1279286087	30.2691029532	-97.7493953705	420315
267	1279261643	30.2679095833	-97.7493124167	21714
267	1279195375	30.2679095833	-97.7493124167	21714
267	1279099297	30.2695755256	-97.7495133877	18568
267	1279087770	30.2679095833	-97.7493124167	21714
267	1279038426	30.2675137962	-97.741265595	9221
267	1279034778	30.2690473563	-97.7432477474	14044
267	1279002093	30.2679095833	-97.7493124167	21714
267	1278941362	30.2691029532	-97.7493953705	420315
267	1278842280	30.26230215	-97.7614974833	14242
267	1278787702	30.2557309927	-97.7633857727	316637
267	1278774056	30.2707337816	-97.7537029982	9241
267	1278761327	29.4250954687	-98.4908437729	186235
267	1278758907	29.4257855333	-98.4862947333	11507
267	1278703604	30.2649630167	-97.73164035	99753
267	1278698944	30.2668906357	-97.7456858754	9223
267	1278692080	30.2367865827	-97.7628627419	18758
267	1278679827	30.2696496544	-97.7489876747	19267
267	1278667592	30.2695755256	-97.7495133877	18568
267	1278609808	30.2707337816	-97.7537029982	9241
267	1278590206	30.2691029532	-97.7493953705	420315
267	1278576539	30.2679095833	-97.7493124167	21714
267	1278524103	30.2795831833	-97.7594679667	15678
267	1278485387	30.2691029532	-97.7493953705	420315
267	1278483482	30.2679095833	-97.7493124167	21714
267	1278433882	30.3237125167	-97.7274703833	24986
267	1278411768	30.2691029532	-97.7493953705	420315
267	1278397543	30.2679095833	-97.7493124167	21714
267	1278346730	30.2795831833	-97.7594679667	15678
267	1278341446	30.2937038167	-97.7417999	38449
267	1278328847	30.2637747742	-97.7706599236	9263
267	1278264502	30.2627183704	-97.7503716946	43073
267	1278231469	30.2795831833	-97.7594679667	15678
267	1278173410	30.43199735	-97.9429261167	81193
267	1278159534	30.2741899361	-97.7404904366	9233
267	1278141660	30.2448597206	-97.7571630478	18417
267	1278098438	30.2668906357	-97.7456858754	9223
267	1278063548	30.2670273144	-97.7445030212	17831
267	1278062276	30.2691029532	-97.7493953705	420315
267	1278053209	30.2679095833	-97.7493124167	21714
267	1278008900	30.2668906357	-97.7456858754	9223
267	1277983273	30.2679095833	-97.7493124167	21714
267	1277968155	30.2691029532	-97.7493953705	420315
267	1277917590	30.3307521333	-97.73175715	14554
267	1277892373	30.2695755256	-97.7495133877	18568
267	1277876407	30.2707337816	-97.7537029982	9241
267	1277790074	30.2679095833	-97.7493124167	21714
267	1277700843	30.2707337816	-97.7537029982	9241
267	1277647290	30.2734394142	-97.7663683891	16233
267	1277640499	30.4015818147	-97.7265161276	11591
267	1277632570	30.2721083	-97.7529573333	11013
267	1277628731	30.2707337816	-97.7537029982	9241
267	1277576567	30.2637747742	-97.7706599236	9263
267	1277541539	30.2795831833	-97.7594679667	15678
267	1277488965	30.2587428544	-97.7525281906	11888
267	1277483277	30.2546525	-97.762506	13031
267	1277450994	30.2679095833	-97.7493124167	21714
267	1277410492	30.2015573297	-97.6671266556	9410
267	1277388376	37.6163560649	-122.3861503601	19542
267	1277366860	37.5370606667	-122.3278893833	29119
267	1277360979	37.6163560649	-122.3861503601	19542
267	1277345505	30.2015573297	-97.6671266556	9410
267	1277283848	30.2695755256	-97.7495133877	18568
267	1277270683	30.2707337816	-97.7537029982	9241
267	1277229605	30.2937038167	-97.7417999	38449
267	1277223930	30.2645624362	-97.7311885357	20918
267	1277136607	30.3067650667	-97.7445846167	120362
267	1277100880	30.2691029532	-97.7493953705	420315
267	1277100126	30.2679095833	-97.7493124167	21714
267	1277055910	30.261599404	-97.7585805953	15372
267	1277049271	30.2734394142	-97.7663683891	16233
267	1277045651	30.2686674434	-97.7505433559	18268
267	1277030821	30.2795831833	-97.7594679667	15678
267	1277028595	30.2707337816	-97.7537029982	9241
267	1276963872	30.131826522	-98.0130377412	11352
267	1276948612	30.2637747742	-97.7706599236	9263
267	1276939083	30.2674412667	-97.7473139667	13719
267	1276885084	30.3877437	-97.73916005	10059
267	1276881867	30.3323829167	-97.7401471	11921
267	1276857612	30.2691029532	-97.7493953705	420315
267	1276795748	30.2862345637	-97.74497509	13690
267	1276780226	30.2691029532	-97.7493953705	420315
267	1276756024	30.2691029532	-97.7493953705	420315
267	1276753814	30.2679095833	-97.7493124167	21714
267	1276708094	30.2662396721	-97.7459084988	9225
267	1276680473	30.2695755256	-97.7495133877	18568
267	1276671089	30.2691029532	-97.7493953705	420315
267	1276670396	30.2679095833	-97.7493124167	21714
267	1276621241	30.2621994311	-97.7390956879	9254
267	1276616660	30.2015573297	-97.6671266556	9410
267	1276521108	37.207427	-93.292328	9738
267	1276438815	37.2085677454	-93.292529583	9961
267	1276333540	37.2085677454	-93.292529583	9961
267	1276229498	30.2015573297	-97.6671266556	9410
267	1276189450	30.2677037551	-97.7492344379	65996
267	1276180861	30.4015818147	-97.7265161276	11591
267	1276167726	30.2691029532	-97.7493953705	420315
267	1276161718	30.2367865827	-97.7628627419	18758
267	1276151376	30.2679095833	-97.7493124167	21714
267	1276116373	30.2686674434	-97.7505433559	18268
267	1276066140	30.2679095833	-97.7493124167	21714
267	1276015174	30.2675137962	-97.741265595	9221
267	1275976773	30.2679095833	-97.7493124167	21714
267	1275926960	30.3067650667	-97.7445846167	120362
267	1275750743	32.9395973667	-97.1208786833	9347
267	1275748330	32.9454544079	-97.1291828156	11604
267	1275714853	30.2679095833	-97.7493124167	21714
267	1275675899	30.2668906357	-97.7456858754	9223
267	1275647445	30.2510314833	-97.754092	49904
267	1275634508	30.2679095833	-97.7493124167	21714
267	1275505140	30.2667400573	-97.739084959	23797
267	1275471687	30.2695755256	-97.7495133877	18568
267	1275461511	30.2679095833	-97.7493124167	21714
267	1275392533	30.2679095833	-97.7493124167	21714
267	1275242302	32.7986704369	-96.7613660194	220646
267	1275222562	32.8380763882	-96.7751848698	8995
267	1275162896	32.7986704369	-96.7613660194	220646
267	1275144233	32.9395973667	-97.1208786833	9347
267	1275127664	30.2679095833	-97.7493124167	21714
267	1275116181	30.2707337816	-97.7537029982	9241
267	1275040161	30.2670273144	-97.7445030212	17831
267	1275026128	30.2679095833	-97.7493124167	21714
267	1274973642	30.3237125167	-97.7274703833	24986
267	1274941828	30.2691029532	-97.7493953705	420315
267	1274886419	30.2645624362	-97.7311885357	20918
267	1274805319	30.2707337816	-97.7537029982	9241
267	1274785526	30.2691029532	-97.7493953705	420315
267	1274718185	30.3067650667	-97.7445846167	120362
267	1274691336	30.2691029532	-97.7493953705	420315
267	1274626437	30.2707337816	-97.7537029982	9241
267	1274602576	30.2734394142	-97.7663683891	16233
267	1274546604	30.2367865827	-97.7628627419	18758
267	1274432677	30.26868775	-97.74555595	18205
267	1274382790	30.2668906357	-97.7456858754	9223
267	1274337434	30.2691029532	-97.7493953705	420315
267	1274337029	30.2679095833	-97.7493124167	21714
267	1274250756	30.2679095833	-97.7493124167	21714
267	1274204820	30.2654334905	-97.755907774	22086
267	1274166263	30.2691029532	-97.7493953705	420315
267	1274163464	30.2679095833	-97.7493124167	21714
267	1274114469	30.3067650667	-97.7445846167	120362
267	1274096202	30.2691029532	-97.7493953705	420315
267	1274077847	30.2679095833	-97.7493124167	21714
267	1274031094	30.2707337816	-97.7537029982	9241
267	1274018137	30.2734394142	-97.7663683891	16233
267	1273939112	30.2707337816	-97.7537029982	9241
267	1273878970	30.2686674434	-97.7505433559	18268
267	1273859498	33.21362005	-97.1300748	26780
267	1273824209	30.2691029532	-97.7493953705	420315
267	1273821429	30.2679095833	-97.7493124167	21714
267	1273778632	30.2668906357	-97.7456858754	9223
267	1273773844	30.26175155	-97.7618140833	22071
267	1273744103	30.2691029532	-97.7493953705	420315
267	1273663657	30.2691029532	-97.7493953705	420315
267	1273612320	30.2691029532	-97.7493953705	420315
267	1273593024	30.2703917	-97.7509832333	13339
267	1273577881	30.2679095833	-97.7493124167	21714
267	1273577314	30.2691029532	-97.7493953705	420315
267	1273471157	30.2679095833	-97.7493124167	21714
267	1273341322	30.2707337816	-97.7537029982	9241
267	1273318691	30.2616897558	-97.7451789379	9282
267	1273317262	30.2559858461	-97.7469277382	23361
267	1273307108	30.2561088167	-97.74634525	17004
267	1273249443	30.2685191842	-97.7361774445	9227
267	1273212595	30.2679095833	-97.7493124167	21714
267	1273210109	30.25838725	-97.7876332667	31928
267	1273167033	30.2663323362	-97.7448141575	9251
267	1273164196	30.2670273144	-97.7445030212	17831
267	1273126979	30.2679095833	-97.7493124167	21714
267	1273073623	30.2691029532	-97.7493953705	420315
267	1272991563	30.2703917	-97.7509832333	13339
267	1272953442	30.2679095833	-97.7493124167	21714
267	1272916505	30.2668906357	-97.7456858754	9223
267	1272902517	30.3067650667	-97.7445846167	120362
267	1272898620	30.2691029532	-97.7493953705	420315
267	1272874037	30.2691029532	-97.7493953705	420315
267	1272868336	30.269767797	-97.7482661605	78290
267	1272557439	30.2367865827	-97.7628627419	18758
267	1272470609	30.2748674667	-97.7516181167	18266
267	1272458351	30.2679095833	-97.7493124167	21714
267	1272437657	30.2691029532	-97.7493953705	420315
267	1272350245	30.2679095833	-97.7493124167	21714
267	1272263851	30.2679095833	-97.7493124167	21714
267	1272197787	32.8115827	-96.7746293833	23161
267	1272187271	32.8686255633	-96.7749917507	43116
267	1272146196	32.7986704369	-96.7613660194	220646
267	1272094127	30.2679095833	-97.7493124167	21714
267	1271955250	30.2707337816	-97.7537029982	9241
267	1271923124	30.2691029532	-97.7493953705	420315
267	1271919827	30.2679095833	-97.7493124167	21714
267	1271774979	30.26766669	-97.7709388733	9262
267	1271744933	30.2679095833	-97.7493124167	21714
267	1271700930	30.2668906357	-97.7456858754	9223
267	1271693499	30.3067650667	-97.7445846167	120362
267	1271662515	30.2679095833	-97.7493124167	21714
267	1271578346	30.2844250167	-97.7192044167	9423
267	1271574691	30.2554899167	-97.7193788	21192
267	1271498874	30.2695755256	-97.7495133877	18568
267	1271489731	30.26175155	-97.7618140833	22071
267	1271410144	30.2707337816	-97.7537029982	9241
267	1271401863	30.2691029532	-97.7493953705	420315
267	1271400645	30.2679095833	-97.7493124167	21714
267	1271356992	30.2015573297	-97.6671266556	9410
267	1271341697	37.6163560649	-122.3861503601	19542
267	1271338377	37.687951	-122.4721	18206
267	1271324890	37.7792713741	-122.4192380905	9152
267	1271322029	37.8066646012	-122.4285936356	10360
267	1271312386	37.787793104	-122.408670187	40971
267	1271267514	37.7858259859	-122.4065190554	14710
267	1271257095	37.787793104	-122.408670187	40971
267	1271241073	37.5370606667	-122.3278893833	29119
267	1271233922	37.6163560649	-122.3861503601	19542
267	1271220541	30.2015573297	-97.6671266556	9410
267	1271171954	30.26766669	-97.7709388733	9262
267	1271138791	30.2679095833	-97.7493124167	21714
267	1271088763	30.3067650667	-97.7445846167	120362
267	1271071610	30.2691029532	-97.7493953705	420315
267	1271071551	30.2686674434	-97.7505433559	18268
267	1271054046	30.2679095833	-97.7493124167	21714
267	1271011148	30.2707337816	-97.7537029982	9241
267	1270988086	30.255337127	-97.7626669407	43638
267	1270978409	30.2798881558	-97.7198159695	22535
267	1270920124	30.2861882411	-97.7393317223	9252
267	1270911565	30.3237125167	-97.7274703833	24986
267	1270897567	30.2695755256	-97.7495133877	18568
267	1270884936	30.2707337816	-97.7537029982	9241
267	1270844245	30.2668906357	-97.7456858754	9223
267	1270838194	30.24805425	-97.7502751333	11438
267	1270830316	30.2616897558	-97.7451789379	9282
267	1270817737	30.2679095833	-97.7493124167	21714
267	1270794649	30.269767797	-97.7482661605	78290
267	1270758745	30.2686674434	-97.7505433559	18268
267	1270738863	30.2510314833	-97.754092	49904
267	1270717538	30.2695755256	-97.7495133877	18568
267	1270708512	30.2691029532	-97.7493953705	420315
267	1270708496	30.2679095833	-97.7493124167	21714
267	1270667861	30.2671663094	-97.7463054657	37916
267	1270661487	30.2662396721	-97.7459084988	9225
267	1270659628	30.2707337816	-97.7537029982	9241
267	1270648161	30.265405691	-97.7477914095	46946
267	1270630332	30.2015573297	-97.6671266556	9410
267	1270622075	30.2679095833	-97.7493124167	21714
267	1270550015	30.2691029532	-97.7493953705	420315
267	1270534725	30.2679095833	-97.7493124167	21714
267	1270502034	30.2686674434	-97.7505433559	18268
267	1270483690	30.3067650667	-97.7445846167	120362
267	1270464613	30.269767797	-97.7482661605	78290
267	1270450099	30.2691029532	-97.7493953705	420315
267	1270449126	30.2679095833	-97.7493124167	21714
267	1270377828	32.8225850833	-96.7877675333	16170
267	1270368867	32.8115827	-96.7746293833	23161
267	1270360748	32.7986704369	-96.7613660194	220646
267	1270288645	32.7225757667	-97.3567744667	369505
267	1270282583	32.7275312555	-97.3616176844	15391
267	1270272976	32.7954618333	-96.77579385	16363
267	1270243687	32.7986704369	-96.7613660194	220646
267	1270114521	30.2679095833	-97.7493124167	21714
267	1270108728	30.2691029532	-97.7493953705	420315
267	1270057225	30.2662396721	-97.7459084988	9225
267	1270053889	30.269767797	-97.7482661605	78290
267	1270018214	30.2679095833	-97.7493124167	21714
267	1269846108	30.2679095833	-97.7493124167	21714
267	1269791878	30.2668906357	-97.7456858754	9223
267	1269770278	30.2367865827	-97.7628627419	18758
267	1269761589	30.2510462058	-97.7493242919	15326
267	1269757129	30.25838725	-97.7876332667	31928
267	1269712740	30.2668906357	-97.7456858754	9223
267	1269711296	30.2691029532	-97.7493953705	420315
267	1269698592	30.2741899361	-97.7404904366	9233
267	1269692905	30.2616897558	-97.7451789379	9282
267	1269692793	30.259120489	-97.7463912964	10410
267	1269686940	30.2510462058	-97.7493242919	15326
267	1269682402	30.2634181234	-97.7575966669	16516
267	1269620301	30.2367865827	-97.7628627419	18758
267	1269596574	30.2670273144	-97.7445030212	17831
267	1269584286	30.2679095833	-97.7493124167	21714
267	1269536929	30.2745494	-97.7645935	70291
267	1269509323	30.2691029532	-97.7493953705	420315
267	1269500246	30.2679095833	-97.7493124167	21714
267	1269420706	30.26868775	-97.74555595	18205
267	1269368530	30.3185284167	-97.7243779667	16495
267	1269366857	30.2797365167	-97.7210712333	10426
267	1269337435	30.269767797	-97.7482661605	78290
267	1269326111	30.2679095833	-97.7493124167	21714
267	1269251244	30.2695755256	-97.7495133877	18568
267	1269240160	30.2679095833	-97.7493124167	21714
267	1269091934	30.2695755256	-97.7495133877	18568
267	1269083805	30.2798881558	-97.7198159695	22535
267	1269082637	30.2580106167	-97.7397394167	9256
267	1269029256	30.2668906357	-97.7456858754	9223
267	1269026531	30.2685191842	-97.7361774445	9227
267	1269016646	30.2686674434	-97.7505433559	18268
267	1268990693	30.2691029532	-97.7493953705	420315
267	1268982239	30.2679095833	-97.7493124167	21714
267	1268927000	30.2670273144	-97.7445030212	17831
267	1268924508	30.2636079743	-97.7395677567	9246
267	1268909064	30.2510314833	-97.754092	49904
267	1268901873	30.26175155	-97.7618140833	22071
267	1268851632	30.2690473563	-97.7432477474	14044
267	1268831678	30.2691029532	-97.7493953705	420315
267	1268829301	30.2636079743	-97.7395677567	9246
267	1268810432	30.2691029532	-97.7493953705	420315
267	1268809701	30.2679095833	-97.7493124167	21714
267	1268753659	30.2748674667	-97.7516181167	18266
267	1268742256	30.2691029532	-97.7493953705	420315
267	1268737191	30.2635153076	-97.7401685715	672473
267	1268736163	30.2636079743	-97.7395677567	9246
267	1268732851	30.2679095833	-97.7493124167	21714
267	1268730717	30.2621994311	-97.7390956879	9254
267	1268690486	30.268471	-97.744632	672328
267	1268670671	30.268471	-97.744632	672328
267	1268670117	30.2686964002	-97.7456147969	9313
267	1268654108	30.264479037	-97.7384197712	671358
267	1268650943	30.2635153076	-97.7401685715	672270
267	1268650283	30.2636079743	-97.7395677567	9246
267	1268647682	30.2646273022	-97.7419817448	689421
267	1268647075	30.259120489	-97.7463912964	10410
267	1268642663	30.2561088167	-97.74634525	17004
267	1268599491	30.26780605	-97.74154185	9222
267	1268591363	30.26747125	-97.7402715667	38000
267	1268581846	30.265294493	-97.7385485172	9247
267	1268568716	30.2636079743	-97.7395677567	9246
267	1268565195	30.266996	-97.7442669	671812
267	1268559269	30.2646273022	-97.7419817448	689421
267	1268552605	30.2636079743	-97.7395677567	9246
267	1268511005	30.2619802833	-97.7295041	9260
267	1268508704	30.262253	-97.72942	671276
267	1268497001	30.2707337816	-97.7537029982	9241
267	1268474977	30.2646273022	-97.7419817448	689421
267	1268474657	30.2652388939	-97.7391815186	9248
267	1268472854	30.2636079743	-97.7395677567	9246
267	1268417819	30.2686964002	-97.7456147969	9313
267	1268412576	30.269767797	-97.7482661605	78290
267	1268410538	30.2691029532	-97.7493953705	420315
267	1268398010	30.2672543395	-97.739444375	9249
267	1268389376	30.2691029532	-97.7493953705	420315
267	1268386728	30.2646273022	-97.7419817448	689421
267	1268384455	30.2741899361	-97.7404904366	9233
267	1268346673	30.2686674434	-97.7505433559	18268
267	1268332120	30.2691029532	-97.7493953705	420315
267	1268329230	30.2636079743	-97.7395677567	9246
267	1268326327	30.2367865827	-97.7628627419	18758
267	1268325223	30.2015573297	-97.6671266556	9410
267	1268311747	30.2636079743	-97.7395677567	681993
267	1268304363	30.2691029532	-97.7493953705	420315
267	1268291050	30.2691029532	-97.7493953705	420315
267	1268241104	30.2691029532	-97.7493953705	420315
267	1268218284	30.2691029532	-97.7493953705	420315
267	1268206033	30.2691029532	-97.7493953705	420315
267	1268205582	30.2679095833	-97.7493124167	21714
267	1268158551	30.2668906357	-97.7456858754	9223
267	1268115682	30.2691029532	-97.7493953705	420315
267	1268068123	30.2770159238	-97.732282877	10745
267	1268034220	30.2691029532	-97.7493953705	420315
267	1268033423	30.2679095833	-97.7493124167	21714
267	1267983538	30.2546525	-97.762506	13031
267	1267952967	30.2734394142	-97.7663683891	16233
267	1267896913	30.2686674434	-97.7505433559	18268
267	1267893735	30.2677037551	-97.7492344379	65996
267	1267868202	30.2450661333	-97.7515263333	20922
267	1267858797	30.2686674434	-97.7505433559	18268
267	1267793540	30.2691029532	-97.7493953705	420315
267	1267771845	30.2691029532	-97.7493953705	420315
267	1267762938	30.2686674434	-97.7505433559	18268
267	1267727525	30.2691029532	-97.7493953705	420315
267	1267698581	30.2691029532	-97.7493953705	420315
267	1267686428	30.2679095833	-97.7493124167	21714
267	1267682653	30.2686674434	-97.7505433559	18268
267	1267633031	30.2691029532	-97.7493953705	420315
267	1267603539	30.2691029532	-97.7493953705	420315
267	1267597838	30.2686674434	-97.7505433559	18268
267	1267542307	30.2691029532	-97.7493953705	420315
267	1267517954	30.2691029532	-97.7493953705	420315
267	1267285301	32.9395973667	-97.1208786833	9347
267	1267250568	32.7986704369	-96.7613660194	220646
267	1267220175	32.7986704369	-96.7613660194	220646
267	1267202098	30.2937038167	-97.7417999	38449
267	1267198066	30.2691029532	-97.7493953705	420315
267	1267177026	30.2686674434	-97.7505433559	18268
267	1267170235	30.2691029532	-97.7493953705	420315
267	1267098480	30.2691029532	-97.7493953705	420315
267	1267083334	30.2691029532	-97.7493953705	420315
267	1267030802	30.2707337816	-97.7537029982	9241
267	1267015344	30.2691029532	-97.7493953705	420315
267	1267014159	30.2675137962	-97.741265595	9221
267	1266997068	30.2691029532	-97.7493953705	420315
267	1266996477	30.2679095833	-97.7493124167	21714
267	1266914495	30.2691029532	-97.7493953705	420315
267	1266844770	30.2679095833	-97.7493124167	21714
267	1266778327	30.2707337816	-97.7537029982	9241
267	1266772409	30.2734394142	-97.7663683891	16233
267	1266760467	30.2741899361	-97.7404904366	9233
267	1266760425	30.2731799732	-97.7410429716	9236
267	1266758549	30.2668906357	-97.7456858754	9223
267	1266684489	30.2686674434	-97.7505433559	18268
267	1266676361	30.2561088167	-97.74634525	17004
267	1266675875	30.2616897558	-97.7451789379	9282
267	1266666188	30.2367865827	-97.7628627419	18758
267	1266582245	30.2679095833	-97.7493124167	21714
267	1266574340	30.2670273144	-97.7445030212	17831
267	1266518625	30.2695755256	-97.7495133877	18568
267	1266518609	30.2691029532	-97.7493953705	420315
267	1266488714	30.2691029532	-97.7493953705	420315
267	1266477603	30.2679095833	-97.7493124167	21714
267	1266430841	30.2691029532	-97.7493953705	420315
267	1266392281	30.2691029532	-97.7493953705	420315
267	1266261530	30.2668906357	-97.7456858754	9223
267	1266255168	30.2707337816	-97.7537029982	9241
267	1266218982	30.2679095833	-97.7493124167	21714
267	1266153522	30.2559858461	-97.7469277382	23361
267	1266148198	30.2561088167	-97.74634525	17004
267	1266145674	30.2680373406	-97.7493202686	9371
267	1266138103	30.2677037551	-97.7492344379	65996
267	1266080563	30.2707337816	-97.7537029982	9241
267	1266062508	30.2937038167	-97.7417999	38449
267	1266046440	30.25838725	-97.7876332667	31928
267	1265991677	30.2576401333	-97.7595729833	16344
267	1265957676	30.2691029532	-97.7493953705	420315
267	1265923616	30.2686674434	-97.7505433559	18268
267	1265908610	30.2695755256	-97.7495133877	18568
267	1265900994	30.2450661333	-97.7515263333	20922
267	1265875288	30.2691029532	-97.7493953705	420315
267	1265874157	30.2679095833	-97.7493124167	21714
267	1265830261	30.2015573297	-97.6671266556	9410
267	1265814728	37.6163560649	-122.3861503601	19542
267	1265796827	37.7864788714	-122.403563261	57155
267	1265796540	37.7858259859	-122.4065190554	14710
267	1265794039	37.7826046833	-122.4076080167	14608
267	1265784438	37.78594785	-122.4106178	202692
267	1265740971	37.7858259859	-122.4065190554	14710
267	1265720689	37.7854359476	-122.4039494991	19199
267	1265712224	37.786591218	-122.403858304	152880
267	1265710306	37.7864788714	-122.403563261	57155
267	1265709228	37.7858259859	-122.4065190554	14710
267	1265707134	37.7826046833	-122.4076080167	14608
267	1265660589	37.7873945972	-122.4073934555	52264
267	1265647380	37.78594785	-122.4106178	202692
267	1265628819	37.7864788714	-122.403563261	57155
267	1265627637	37.7858259859	-122.4065190554	14710
267	1265623769	37.6163560649	-122.3861503601	19542
267	1265607525	30.2015573297	-97.6671266556	9410
267	1265484386	30.2662396721	-97.7459084988	9225
267	1265477738	30.2695755256	-97.7495133877	18568
267	1265464680	30.2855489862	-97.7420032024	43933
267	1265459204	30.2680373406	-97.7493202686	9371
267	1265396668	30.2668906357	-97.7456858754	9223
267	1265389496	30.2690473563	-97.7432477474	14044
267	1265375580	30.2691029532	-97.7493953705	420315
267	1265307133	30.2686674434	-97.7505433559	18268
267	1265268242	30.2679095833	-97.7493124167	21714
267	1265180648	30.2691029532	-97.7493953705	420315
267	1265094574	30.2691029532	-97.7493953705	420315
267	1265094218	30.2679095833	-97.7493124167	21714
267	1265046026	30.2861882411	-97.7393317223	9252
267	1265042379	30.2937038167	-97.7417999	38449
267	1265009467	30.2691029532	-97.7493953705	420315
267	1265008858	30.2679095833	-97.7493124167	21714
267	1264888336	32.7986704369	-96.7613660194	220646
267	1264873531	32.9433880764	-97.1319401264	9126
267	1264868106	32.9395973667	-97.1208786833	9347
267	1264864726	32.9438112506	-97.1304541826	9056
267	1264840579	32.7954618333	-96.77579385	16363
267	1264836166	32.7986704369	-96.7613660194	220646
267	1264785046	32.807818784	-96.7981445789	18145
267	1264751420	32.7956702433	-96.8008643389	9467
267	1264709411	32.7986704369	-96.7613660194	220646
267	1264704127	32.7956702433	-96.8008643389	9467
267	1264664437	30.2691029532	-97.7493953705	420315
267	1264664373	30.2679095833	-97.7493124167	21714
267	1264577069	30.2679095833	-97.7493124167	21714
267	1264530128	30.2668906357	-97.7456858754	9223
267	1264526644	30.2367865827	-97.7628627419	18758
267	1264521787	30.2707337816	-97.7537029982	9241
267	1264500062	30.2686674434	-97.7505433559	18268
267	1264493895	30.2691029532	-97.7493953705	420315
267	1264490594	30.2679095833	-97.7493124167	21714
267	1264406636	30.2691029532	-97.7493953705	420315
267	1264344866	30.2734394142	-97.7663683891	16233
267	1264337820	30.4015818147	-97.7265161276	11591
267	1264337381	30.4017738271	-97.726457119	11592
267	1264331900	30.2493640765	-97.7494704723	11368
267	1264272296	30.2367865827	-97.7628627419	18758
267	1264269834	30.2015573297	-97.6671266556	9410
267	1264256128	30.2561088167	-97.74634525	17004
267	1264181333	30.25087565	-97.74911095	37571
267	1264145622	30.2691029532	-97.7493953705	420315
267	1264092670	30.2546525	-97.762506	13031
267	1264058526	30.2691029532	-97.7493953705	420315
267	1264057997	30.2679095833	-97.7493124167	21714
267	1264009288	30.2702114098	-97.7497132123	15478
267	1263999260	30.2691029532	-97.7493953705	420315
267	1263987279	30.2691029532	-97.7493953705	420315
267	1263972709	30.2691029532	-97.7493953705	17208
267	1263925543	30.2694643323	-97.7499103546	293641
267	1263920406	30.2621994311	-97.7390956879	9254
267	1263914369	30.2691029532	-97.7493953705	17208
267	1263884667	30.2691029532	-97.7493953705	17208
267	1263837055	30.2668906357	-97.7456858754	9223
267	1263834444	30.2367865827	-97.7628627419	18758
267	1263803988	30.2691029532	-97.7493953705	17208
267	1263754772	30.2668906357	-97.7456858754	9223
267	1263747479	30.2695755256	-97.7495133877	18568
267	1263740016	30.2734394142	-97.7663683891	16233
267	1263726734	30.2493640765	-97.7494704723	11368
267	1263720360	30.2510462058	-97.7493242919	15326
267	1263657361	30.2707337816	-97.7537029982	9241
267	1263641397	30.2367865827	-97.7628627419	18758
267	1263639531	30.2691029532	-97.7493953705	17208
267	1263634913	30.2679095833	-97.7493124167	21714
267	1263634357	30.2674412667	-97.7473139667	13719
267	1263559355	30.2691029532	-97.7493953705	17208
267	1263502840	30.2015573297	-97.6671266556	9410
267	1263489330	33.4357390069	-112.0011520386	23524
267	1263480140	37.6163560649	-122.3861503601	19542
267	1263463467	37.7864788714	-122.403563261	57155
267	1263462266	37.7858259859	-122.4065190554	14710
267	1263413147	37.8077835143	-122.4184548855	29316
267	1263413079	37.8083207137	-122.4157217145	9127
267	1263412509	37.8021204333	-122.4188947667	10385
267	1263411787	37.8011870333	-122.4102902333	10192
267	1263411214	37.79762505	-122.4065995167	10195
267	1263409950	37.7879542018	-122.4075329304	9114
267	1263392018	37.7864788714	-122.403563261	57155
267	1263390108	37.7847478833	-122.4028084	38074
267	1263375310	37.7864788714	-122.403563261	57155
267	1263374037	37.7858259859	-122.4065190554	14710
267	1263328923	37.7858259859	-122.4065190554	14710
267	1263323512	37.7906504193	-122.4055776	9116
267	1263321074	37.7953388902	-122.3937249184	9073
267	1263311525	37.7864788714	-122.403563261	57155
267	1263299249	37.796042559	-122.3942828178	19763
267	1263299174	37.7953388902	-122.3937249184	9073
267	1263287267	37.7826046833	-122.4076080167	14608
267	1263238589	37.7873945972	-122.4073934555	52264
267	1263221344	37.4448394667	-122.16142415	9175
267	1263218924	37.3314799167	-122.0306735	39440
267	1263214442	37.3324012667	-122.0294594667	10299
267	1263210264	37.3318803266	-122.0296311378	8947
267	1263200541	37.6163560649	-122.3861503601	19542
267	1263183545	30.2015573297	-97.6671266556	9410
267	1263137389	30.2734394142	-97.7663683891	16233
267	1263124808	30.5572166774	-97.689871788	12043
267	1263119544	30.2450661333	-97.7515263333	20922
267	1263056200	30.2557309927	-97.7633857727	316637
267	1263048930	30.2679095833	-97.7493124167	21714
267	1262969733	30.2621994311	-97.7390956879	9254
267	1262950078	30.2691029532	-97.7493953705	17208
267	1262937844	30.2679095833	-97.7493124167	21714
267	1262883698	30.2702114098	-97.7497132123	15478
267	1262852131	30.2691029532	-97.7493953705	17208
267	1262786884	30.2691029532	-97.7493953705	17208
267	1262762550	30.2691029532	-97.7493953705	17208
267	1262712900	30.2695755256	-97.7495133877	18568
267	1262675404	30.2691029532	-97.7493953705	17208
267	1262589475	30.2691029532	-97.7493953705	17208
267	1262457941	32.9438112506	-97.1304541826	9056
267	1262447314	32.9395973667	-97.1208786833	9347
267	1262171853	30.2695755256	-97.7495133877	18568
267	1262165816	30.2691029532	-97.7493953705	17208
267	1262083549	30.227109066	-97.8211927414	18416
267	1262073388	30.2691029532	-97.7493953705	17208
267	1262004758	30.2691029532	-97.7493953705	17208
267	1261491768	32.7828276	-96.7854952667	13617
267	1261404588	30.3172659833	-97.7405977167	11384
267	1261382053	30.2691029532	-97.7493953705	17208
267	1261332248	30.2794862333	-97.7599647667	73407
267	1261321473	30.2561088167	-97.74634525	17004
267	1261303931	30.2679777	-97.7500391	10672
267	1261296067	30.2679095833	-97.7493124167	21714
267	1261290627	30.2686674434	-97.7505433559	18268
267	1261227554	30.2561088167	-97.74634525	17004
267	1261215018	30.2717435333	-97.7451252833	10617
267	1261174167	30.2686674434	-97.7505433559	18268
267	1261152103	30.24805425	-97.7502751333	11438
267	1261138864	30.2691029532	-97.7493953705	17208
267	1261122524	30.2691029532	-97.7493953705	17208
267	1261069302	30.2937038167	-97.7417999	38449
267	1261056702	30.2691029532	-97.7493953705	17208
267	1261047166	30.2707337816	-97.7537029982	9241
267	1261039228	30.2691029532	-97.7493953705	17208
267	1261035065	30.2679095833	-97.7493124167	21714
267	1260991766	30.2686674434	-97.7505433559	18268
267	1260983681	30.2341262875	-97.8287029266	53485
267	1260964877	30.2691029532	-97.7493953705	17208
267	1260947758	30.2691029532	-97.7493953705	17208
267	1260884180	30.2691029532	-97.7493953705	17208
267	1260860795	30.2691029532	-97.7493953705	17208
267	1260859483	30.2679095833	-97.7493124167	21714
267	1260805684	30.2691029532	-97.7493953705	17208
267	1260702364	30.2741899361	-97.7404904366	9233
267	1260699077	30.2679095833	-97.7493124167	21714
267	1260698109	30.2680373406	-97.7493202686	9371
267	1260692332	30.2671199778	-97.7498352528	72721
267	1260623690	30.3172659833	-97.7405977167	11384
267	1260619059	30.2707337816	-97.7537029982	9241
267	1260601162	30.2679095833	-97.7493124167	21714
267	1260552017	30.26175155	-97.7618140833	22071
267	1260551330	30.2623879833	-97.7615833167	9266
267	1260528711	30.2748674667	-97.7516181167	18266
267	1260519345	30.2691029532	-97.7493953705	17208
267	1260516748	30.2679095833	-97.7493124167	21714
267	1260468234	30.25087565	-97.74911095	37571
267	1260466717	30.2450661333	-97.7515263333	20922
267	1260430980	30.2691029532	-97.7493953705	17208
267	1260383640	30.3185284167	-97.7243779667	16495
267	1260380369	30.2721083	-97.7529573333	11013
267	1260350654	30.2691029532	-97.7493953705	17208
267	1260344361	30.2679095833	-97.7493124167	21714
267	1260304041	30.2015573297	-97.6671266556	9410
267	1260286486	37.6163560649	-122.3861503601	19542
267	1260284937	37.785102377	-122.4004902459	16000
267	1260277059	37.7858090278	-122.4010634422	16008
267	1260266337	37.7864788714	-122.403563261	57155
267	1260264011	37.7826046833	-122.4076080167	14608
267	1260263764	37.7770878167	-122.40837105	32870
267	1260225183	37.784698261	-122.4076884985	9074
267	1260224676	37.7858259859	-122.4065190554	14710
267	1260224665	37.7879542018	-122.4075329304	9114
267	1260215184	37.7854359476	-122.4039494991	19199
267	1260214992	37.7832313449	-122.4037456512	14858
267	1260214909	37.78588245	-122.4038454	16019
267	1260214786	37.7860374667	-122.4024125	21196
267	1260211171	37.785102377	-122.4004902459	16000
267	1260210844	37.7858090278	-122.4010634422	16008
267	1260208363	37.4226673	-122.203834	40362
267	1260187108	37.5370606667	-122.3278893833	29119
267	1260182756	37.6163560649	-122.3861503601	19542
267	1260163737	30.2015573297	-97.6671266556	9410
267	1260117872	30.2509617667	-97.75437355	10475
267	1260035826	30.2707337816	-97.7537029982	9241
267	1260033805	30.4001660009	-97.7263981104	14812
267	1260032796	30.4015818147	-97.7265161276	11591
267	1260029161	30.3899645667	-97.7330875333	14737
267	1260020089	30.2642977167	-97.73298025	15245
267	1260012245	30.269767797	-97.7482661605	78290
267	1260010664	30.2955079	-97.7428507667	9453
267	1259932130	30.2691029532	-97.7493953705	17208
267	1259922047	30.2702114098	-97.7497132123	15478
267	1259912097	30.2691029532	-97.7493953705	17208
267	1259876649	30.2686674434	-97.7505433559	18268
267	1259839555	30.2679095833	-97.7493124167	21714
267	1259827174	30.2691029532	-97.7493953705	17208
267	1259824803	30.2679095833	-97.7493124167	21714
267	1259783179	30.2686674434	-97.7505433559	18268
267	1259738774	30.2699924993	-97.7542555332	24457
267	1259738142	30.2679095833	-97.7493124167	21714
267	1259738131	30.2686674434	-97.7505433559	18268
267	1259680243	30.2691029532	-97.7493953705	17208
267	1259663578	30.2695755256	-97.7495133877	18568
267	1259653441	30.2691029532	-97.7493953705	17208
267	1259607796	30.2677037551	-97.7492344379	65996
267	1259566773	30.2691029532	-97.7493953705	17208
267	1259438330	32.7905034822	-96.8103432655	8989
267	1259425573	35.4634313607	-97.5149703026	26751
267	1259424845	35.4749801667	-97.5195946333	24650
267	1259421568	35.5191852	-97.5299270833	33598
267	1259418987	35.4928309924	-97.5307953358	31589
267	1259415729	35.4651877773	-97.5076746941	26749
267	1259347447	37.207427	-93.292328	9738
267	1259061959	30.2691029532	-97.7493953705	17208
267	1259058525	30.269767797	-97.7482661605	78290
267	1259048343	30.2691029532	-97.7493953705	17208
267	1259046482	30.269767797	-97.7482661605	78290
267	1259046014	30.2679095833	-97.7493124167	21714
267	1258995435	30.2686674434	-97.7505433559	18268
267	1258972000	30.269767797	-97.7482661605	78290
267	1258959039	30.2691029532	-97.7493953705	17208
267	1258944003	30.2686674434	-97.7505433559	18268
267	1258943982	30.2691029532	-97.7493953705	17208
267	1258888058	30.2748674667	-97.7516181167	18266
267	1258881457	30.2734394142	-97.7663683891	16233
267	1258877109	30.2677037551	-97.7492344379	65996
267	1258836308	30.2686674434	-97.7505433559	18268
267	1258836293	30.2691029532	-97.7493953705	17208
267	1258819981	30.269767797	-97.7482661605	78290
267	1258722566	30.2691029532	-97.7493953705	17208
267	1258710950	30.2691029532	-97.7493953705	17208
267	1258702035	30.269767797	-97.7482661605	78290
267	1258697154	30.2691029532	-97.7493953705	17208
267	1258647258	30.2672543395	-97.739444375	9249
267	1258642927	30.2679095833	-97.7493124167	21714
267	1258641832	30.2680373406	-97.7493202686	9371
267	1258631218	30.2691029532	-97.7493953705	17208
267	1258619024	30.2691029532	-97.7493953705	17208
267	1258618825	30.2680373406	-97.7493202686	9371
267	1258608227	30.2686674434	-97.7505433559	18268
267	1258608214	30.2691029532	-97.7493953705	17208
267	1258553813	30.2691029532	-97.7493953705	17208
267	1258529817	30.2691029532	-97.7493953705	17208
267	1258494755	30.2686674434	-97.7505433559	18268
267	1258494746	30.2691029532	-97.7493953705	17208
267	1258455593	30.2691029532	-97.7493953705	17208
267	1258451369	30.269767797	-97.7482661605	78290
267	1258441847	30.2691029532	-97.7493953705	17208
267	1258396409	30.2686674434	-97.7505433559	18268
267	1258396400	30.2691029532	-97.7493953705	17208
267	1258383783	30.2691029532	-97.7493953705	17208
267	1258372707	30.2691029532	-97.7493953705	17208
267	1258366715	30.2670273144	-97.7445030212	17831
267	1258355523	30.2691029532	-97.7493953705	17208
267	1258309348	30.2686674434	-97.7505433559	18268
267	1258309329	30.2691029532	-97.7493953705	17208
267	1258294326	30.2679095833	-97.7493124167	21714
267	1258294317	30.2691029532	-97.7493953705	17208
267	1258275571	30.2734394142	-97.7663683891	16233
267	1258271532	30.2686674434	-97.7505433559	18268
267	1258271504	30.2691029532	-97.7493953705	17208
267	1258238119	30.2686674434	-97.7505433559	18268
267	1258238104	30.2691029532	-97.7493953705	17208
267	1258225568	30.2686674434	-97.7505433559	18268
267	1258225509	30.2691029532	-97.7493953705	17208
267	1258209885	30.2510462058	-97.7493242919	15326
267	1258200557	30.2707337816	-97.7537029982	9241
267	1258134636	30.26955485	-97.74220705	10305
267	1258126724	30.2654334905	-97.755907774	22086
267	1258106109	30.27055195	-97.7483066333	18328
267	1258099168	30.2691029532	-97.7493953705	17208
267	1258097598	30.2679095833	-97.7493124167	21714
267	1258025840	30.2691029532	-97.7493953705	17208
267	1258022108	30.2695755256	-97.7495133877	18568
267	1258013642	30.2691029532	-97.7493953705	17208
267	1258011678	30.2699924993	-97.7542555332	24457
267	1257972432	30.2686674434	-97.7505433559	18268
267	1257972420	30.2691029532	-97.7493953705	17208
267	1257961086	30.2685191842	-97.7361774445	9227
267	1257955654	30.2686674434	-97.7505433559	18268
267	1257955632	30.2691029532	-97.7493953705	17208
267	1257942228	30.2691029532	-97.7493953705	17208
267	1257934773	30.269767797	-97.7482661605	78290
267	1257931160	30.2691029532	-97.7493953705	17208
267	1257915977	30.2686674434	-97.7505433559	18268
267	1257915931	30.2691029532	-97.7493953705	17208
267	1257882662	30.2686674434	-97.7505433559	18268
267	1257882647	30.2691029532	-97.7493953705	17208
267	1257864700	30.2691029532	-97.7493953705	17208
267	1257850685	30.2691029532	-97.7493953705	17208
267	1257848717	30.269767797	-97.7482661605	78290
267	1257837097	30.2691029532	-97.7493953705	17208
267	1257836957	30.2679095833	-97.7493124167	21714
267	1257787281	30.2686674434	-97.7505433559	18268
267	1257779483	30.2691029532	-97.7493953705	17208
267	1257767742	30.2691029532	-97.7493953705	17208
267	1257764091	30.2748674667	-97.7516181167	18266
267	1257751892	30.2691029532	-97.7493953705	17208
267	1257751542	30.2679095833	-97.7493124167	21714
267	1257671025	32.7874839167	-96.80051565	10028
267	1257611488	32.8113555833	-96.8064165	10907
267	1257515737	30.2691029532	-97.7493953705	17208
267	1257491896	30.2691029532	-97.7493953705	17208
267	1257491657	30.2679095833	-97.7493124167	21714
267	1257439187	30.2707337816	-97.7537029982	9241
267	1257426968	30.2691029532	-97.7493953705	17208
267	1257405815	30.2691029532	-97.7493953705	17208
267	1257404275	30.2679095833	-97.7493124167	21714
267	1257352918	30.2707337816	-97.7537029982	9241
267	1257349842	30.2686674434	-97.7505433559	18268
267	1257320283	30.2691029532	-97.7493953705	17208
267	1257320180	30.2691029532	-97.7493953705	17208
267	1257252840	30.2691029532	-97.7493953705	17208
267	1257232816	30.2691029532	-97.7493953705	17208
267	1257178581	30.2493640765	-97.7494704723	11368
267	1257147695	30.2691029532	-97.7493953705	17208
267	1257143459	30.2679095833	-97.7493124167	21714
267	1257089076	30.2654334905	-97.755907774	22086
267	1257089065	30.2691029532	-97.7493953705	17208
267	1257089049	30.2721083	-97.7529573333	11013
267	1257075391	30.2510462058	-97.7493242919	15326
267	1257070866	30.2367865827	-97.7628627419	18758
267	1257063149	30.3172659833	-97.7405977167	11384
267	1257004686	30.2707337816	-97.7537029982	9241
267	1256986829	30.2954757167	-97.7842640833	10577
267	1256980264	30.2695755256	-97.7495133877	18568
267	1256932005	30.2702114098	-97.7497132123	15478
267	1256921142	30.2665917953	-97.7367460728	9337
267	1256914058	30.2745494	-97.7645935	70291
267	1256900893	30.2691029532	-97.7493953705	17208
267	1256896742	30.2652852265	-97.7467882633	19061
267	1256885443	30.2691029532	-97.7493953705	17208
267	1256883414	30.2679095833	-97.7493124167	21714
267	1256840486	30.2695755256	-97.7495133877	18568
267	1256812273	30.2703917	-97.7509832333	13339
267	1256805489	30.2691029532	-97.7493953705	17208
267	1256721428	30.2702114098	-97.7497132123	15478
267	1256714624	30.2691029532	-97.7493953705	17208
267	1256711007	30.2679095833	-97.7493124167	21714
267	1256667668	30.2677037551	-97.7492344379	65996
267	1256648181	30.2691029532	-97.7493953705	17208
267	1256637657	30.2510314833	-97.754092	49904
267	1256626915	30.2691029532	-97.7493953705	17208
267	1256573412	30.2686674434	-97.7505433559	18268
267	1256573367	30.2691029532	-97.7493953705	17208
267	1256562335	30.2691029532	-97.7493953705	17208
267	1256538266	30.2691029532	-97.7493953705	17208
267	1256376971	32.93105605	-96.8196565667	37532
267	1256292907	30.2691029532	-97.7493953705	17208
267	1256288673	30.27055195	-97.7483066333	18328
267	1256232540	30.2679777	-97.7500391	10672
267	1256227789	30.2576215259	-97.8069019318	9411
267	1256223266	30.2654334905	-97.755907774	22086
267	1256211389	30.2691029532	-97.7493953705	17208
267	1256204727	30.2707337816	-97.7537029982	9241
267	1256191708	30.2691029532	-97.7493953705	17208
267	1256152341	30.2686674434	-97.7505433559	18268
267	1256145376	30.2621994311	-97.7390956879	9254
267	1256103691	30.2691029532	-97.7493953705	17208
267	1256032346	30.2695755256	-97.7495133877	18568
267	1256025994	30.2691029532	-97.7493953705	17208
267	1255970541	30.2666473333	-97.7375721833	9494
267	1255933834	30.2691029532	-97.7493953705	17208
267	1255513087	30.2696496544	-97.7489876747	19267
267	1255508227	30.2686674434	-97.7505433559	18268
267	1255500411	30.2691029532	-97.7493953705	17208
267	1255427563	30.26230215	-97.7614974833	14242
267	1255426580	30.2691029532	-97.7493953705	17208
267	1255378547	30.2686674434	-97.7505433559	18268
267	1255366572	30.2672588667	-97.7396321167	9220
267	1255342309	30.2686674434	-97.7505433559	18268
267	1255342235	30.2698905167	-97.7493256	23534
267	1255342180	30.2691029532	-97.7493953705	17208
267	1255254297	30.2707337816	-97.7537029982	9241
267	1255247941	30.2686674434	-97.7505433559	18268
267	1255189365	30.2616897558	-97.7451789379	9282
267	1255182206	30.2686674434	-97.7505433559	18268
267	1255176206	30.2721083	-97.7529573333	11013
267	1255175425	30.2745526333	-97.7522177167	42986
267	1255171570	30.2748674667	-97.7516181167	18266
267	1255109412	30.2668906357	-97.7456858754	9223
267	1255106295	30.2707337816	-97.7537029982	9241
267	1255080893	30.2691029532	-97.7493953705	17208
267	1255077498	30.26175155	-97.7618140833	22071
267	1255018940	30.2686674434	-97.7505433559	18268
267	1255014713	30.2654334905	-97.755907774	22086
267	1254983921	30.2691029532	-97.7493953705	17208
267	1254983625	30.2679095833	-97.7493124167	21714
267	1254982483	30.2686674434	-97.7505433559	18268
267	1254933155	30.2493640765	-97.7494704723	11368
267	1254909214	30.2703917	-97.7509832333	13339
267	1254899848	30.2691029532	-97.7493953705	17208
267	1254848712	30.2665917953	-97.7367460728	9337
267	1254844949	30.2702114098	-97.7497132123	15478
267	1254813320	30.2691029532	-97.7493953705	17208
267	1254754885	30.2686674434	-97.7505433559	18268
267	1254754834	30.2691029532	-97.7493953705	17208
267	1254734001	30.2670273144	-97.7445030212	17831
267	1254725386	30.2691029532	-97.7493953705	17208
267	1254724234	30.2679095833	-97.7493124167	21714
267	1254682558	30.2686674434	-97.7505433559	18268
267	1254653412	30.2954757167	-97.7842640833	10577
267	1254650366	30.2686674434	-97.7505433559	18268
267	1254645483	30.2707337816	-97.7537029982	9241
267	1254603497	30.2679777	-97.7500391	10672
267	1254550091	30.2444426402	-97.7519488335	13299
267	1254479557	30.2675554945	-97.767291069	32100
267	1254475649	30.2679095833	-97.7493124167	21714
267	1254467669	30.2707337816	-97.7537029982	9241
267	1254428290	30.2686674434	-97.7505433559	18268
267	1254421933	30.2679777	-97.7500391	10672
267	1254412303	30.2662349	-97.7451539333	33921
267	1254405239	30.2686674434	-97.7505433559	18268
267	1254401450	30.2691029532	-97.7493953705	17208
267	1254381779	30.2691029532	-97.7493953705	17208
267	1254323939	30.2654334905	-97.755907774	22086
267	1254293686	30.2691029532	-97.7493953705	17208
267	1254292236	30.2679095833	-97.7493124167	21714
267	1254240801	30.2672588667	-97.7396321167	9220
267	1254236708	30.2734394142	-97.7663683891	16233
267	1254226655	30.2691029532	-97.7493953705	17208
267	1254217766	30.2367865827	-97.7628627419	18758
267	1254205689	30.2691029532	-97.7493953705	17208
267	1254161146	30.2686674434	-97.7505433559	18268
267	1254144751	30.2691029532	-97.7493953705	17208
267	1254115597	30.2691029532	-97.7493953705	17208
267	1254078101	30.2015573297	-97.6671266556	9410
267	1254073745	30.2663469167	-97.7711749	10056
267	1254073420	30.2494812	-97.7552103833	10416
267	1254071145	30.2715718667	-97.7374649	10477
267	1254070400	30.2797365167	-97.7210712333	10426
267	1254069701	30.30419825	-97.7315425833	10428
267	1254068809	30.2836404612	-97.7325296402	10526
267	1254067916	30.2780628167	-97.7441596833	10682
267	1254060241	30.2707337816	-97.7537029982	9241
267	1254046531	30.2679095833	-97.7493124167	21714
267	1253982300	30.2672543395	-97.739444375	9249
267	1253978059	30.2691029532	-97.7493953705	17208
267	1253967258	30.2654334905	-97.755907774	22086
267	1253962930	30.2637747742	-97.7706599236	9263
267	1253960552	30.2686674434	-97.7505433559	18268
267	1253957320	30.26766669	-97.7709388733	9262
267	1253955727	30.2623879833	-97.7615833167	9266
267	1253945245	30.2680373406	-97.7493202686	9371
267	1253945192	30.2679095833	-97.7493124167	21714
267	1253945161	30.2691029532	-97.7493953705	17208
267	1253945152	30.2686674434	-97.7505433559	18268
267	1253945131	30.2679777	-97.7500391	10672
267	1253907631	30.2691029532	-97.7493953705	17208
267	1253897419	30.2686674434	-97.7505433559	18268
267	1253875394	30.2691029532	-97.7493953705	17208
267	1253872120	30.2769881276	-97.7508974075	24587
267	1253871770	30.2748674667	-97.7516181167	18266
267	1253861627	30.2691029532	-97.7493953705	17208
267	1253805763	30.26955485	-97.74220705	10305
267	1253804011	30.2686964002	-97.7456147969	9313
267	1253782267	30.2695755256	-97.7495133877	18568
267	1253777959	30.2691029532	-97.7493953705	17208
267	1253774752	30.2679095833	-97.7493124167	21714
267	1253761579	30.2015573297	-97.6671266556	9410
267	1253746820	30.2686674434	-97.7505433559	18268
267	1253746789	30.270083	-97.750427	9510
267	1253746774	30.2698905167	-97.7493256	23534
267	1253746731	30.2695755256	-97.7495133877	18568
267	1253746718	30.2691029532	-97.7493953705	17208
267	1253718371	30.2686674434	-97.7505433559	18268
267	1253715235	30.2721083	-97.7529573333	11013
267	1253715147	30.2718293667	-97.7533221167	9240
267	1253715140	30.2699924993	-97.7542555332	24457
267	1253715015	30.2691029532	-97.7493953705	17208
267	1253715007	30.2679095833	-97.7493124167	21714
267	1253714981	30.2680373406	-97.7493202686	9371
267	1253714969	30.2695755256	-97.7495133877	18568
267	1253714934	30.2707337816	-97.7537029982	9241
267	1253700500	30.2691029532	-97.7493953705	17208
267	1253700475	30.2691029532	-97.7493953705	17208
267	1253697183	30.2702114098	-97.7497132123	15478
267	1253687216	30.2691029532	-97.7493953705	17208
267	1253645230	30.2686674434	-97.7505433559	18268
267	1253645209	30.2691029532	-97.7493953705	17208
267	1253632591	30.2686674434	-97.7505433559	18268
267	1253632581	30.2691029532	-97.7493953705	17208
267	1253621023	30.2691029532	-97.7493953705	17208
267	1253606135	30.2691029532	-97.7493953705	17208
267	1253593840	30.2679095833	-97.7493124167	21714
267	1253593795	30.2698905167	-97.7493256	23534
267	1253593777	30.2695755256	-97.7495133877	18568
267	1253593738	30.2680373406	-97.7493202686	9371
267	1253593720	30.2686674434	-97.7505433559	18268
267	1253593678	30.2691029532	-97.7493953705	17208
267	1253593662	30.2679777	-97.7500391	10672
267	1253554581	30.2686674434	-97.7505433559	18268
267	1253554570	30.2691029532	-97.7493953705	17208
267	1253553542	30.2707337816	-97.7537029982	9241
267	1253533273	30.2691029532	-97.7493953705	17208
267	1253533250	30.2686674434	-97.7505433559	18268
267	1253514245	30.2691029532	-97.7493953705	17208
267	1253472590	30.2686674434	-97.7505433559	18268
267	1253472562	30.2691029532	-97.7493953705	17208
267	1253445336	32.807818784	-96.7981445789	18145
267	1253353541	32.7956702433	-96.8008643389	9467
267	1253353419	32.7944177569	-96.8000006676	9066
267	1253295220	32.7515678196	-97.0830059052	9362
267	1253272677	30.2686674434	-97.7505433559	18268
267	1253272599	30.2758526667	-97.74752855	10595
267	1253272588	30.2717435333	-97.7451252833	10617
267	1253269470	30.2691029532	-97.7493953705	17208
267	1253264917	30.26868775	-97.74555595	18205
267	1253254394	30.2679095833	-97.7493124167	21714
267	1253253471	30.2691029532	-97.7493953705	17208
267	1253253322	30.2686674434	-97.7505433559	18268
267	1253202134	30.2703917	-97.7509832333	13339
267	1253183172	30.2691029532	-97.7493953705	17208
267	1253179204	30.2493640765	-97.7494704723	11368
267	1253179145	30.2506754911	-97.7495348454	10923
267	1253169401	30.2679095833	-97.7493124167	21714
267	1253168158	30.2691029532	-97.7493953705	17208
267	1253105220	30.2691029532	-97.7493953705	17208
267	1253094439	30.2367865827	-97.7628627419	18758
267	1253094430	30.2367865827	-97.7628627419	18758
267	1253094393	30.2367865827	-97.7628627419	18758
267	1253093218	30.2691029532	-97.7493953705	17208
267	1253081481	30.2691029532	-97.7493953705	17208
267	1253081203	30.2680373406	-97.7493202686	9371
267	1253045137	30.2686674434	-97.7505433559	18268
267	1253045114	30.2691029532	-97.7493953705	17208
267	1253034505	30.2668906357	-97.7456858754	9223
267	1253023292	30.2691029532	-97.7493953705	17208
267	1253010638	30.2691029532	-97.7493953705	17208
267	1252995822	30.2691029532	-97.7493953705	17208
267	1252934273	30.2691029532	-97.7493953705	17208
267	1252909874	30.2679095833	-97.7493124167	21714
267	1252906329	30.2691029532	-97.7493953705	17208
267	1252860653	30.2686674434	-97.7505433559	18268
267	1252860626	30.2691029532	-97.7493953705	17208
267	1252849377	30.2686674434	-97.7505433559	18268
267	1252849354	30.2691029532	-97.7493953705	17208
267	1252826664	30.2680373406	-97.7493202686	9371
267	1252821118	30.2686674434	-97.7505433559	18268
267	1252821096	30.2691029532	-97.7493953705	17208
267	1252786408	30.2686674434	-97.7505433559	18268
267	1252786400	30.2691029532	-97.7493953705	17208
267	1252764785	30.2686674434	-97.7505433559	18268
267	1252764775	30.2691029532	-97.7493953705	17208
267	1252736691	30.2686674434	-97.7505433559	18268
267	1252736683	30.2691029532	-97.7493953705	17208
267	1252702449	30.2686674434	-97.7505433559	18268
267	1252702429	30.2691029532	-97.7493953705	17208
