880
1540
1637
1722
2405
10004
10073
10096
10118
10893
10909
13193
14355
14733
15786
16392
16400
16724
16729
16817
17077
17161
17202
17387
17502
17506
17589
17709
17843
17865
17972
17981
18716
19186
19345
19496
20569
20611
20927
21799
25091
25097
27148
34533
39218
41993
42006
44956
45559
46038
46799
47605
47748
49258
50029
50034
52442
52768
54740
54743
54745
54796
54825
54840
54901
54915
54921
55006
55857
56732
59123
59578
59579
59589
59593
59785
59824
59992
63000
64172
67952
73305
78117
86557
86559
86803
87166
87256
87459
87460
87463
87525
87540
87708
87813
89410
89418
89585
89761
89766
90380
90646
91445
92944
93471
93652
94632
94826
95995
97018
97157
97181
97320
97325
97625
98260
98485
98708
100534
101444
101732
101932
102273
102276
102428
102440
102713
102746
102871
102948
103499
103948
104395
104643
104683
104699
105690
105734
106002
106834
106916
107149
107372
107544
107580
107672
108106
108108
108464
109217
109218
109607
110681
111026
112585
112852
112920
112925
113211
113260
113261
113273
117244
117280
117285
117319
117482
117487
117513
119091
121785
125405
129662
129906
130482
131374
131669
132050
132092
132101
132124
132197
132427
132454
132625
132631
133034
135225
135257
135266
135350
135692
136322
137281
138387
138443
138454
138879
139713
140142
140170
140199
140908
140911
142690
145301
146748
146764
147005
147051
147160
147189
147351
147387
148158
148164
148218
148610
148867
149391
149489
149527
150336
150471
153097
153183
153652
153655
153659
153678
153910
154588
160047
162329
162623
162829
164272
164371
164651
165142
165631
165716
165918
166035
166218
166280
166801
167719
167722
168383
168957
169415
169482
170196
173805
173925
174494
175385
175767
176089
176313
176398
177037
177713
178923
181910
182753
184496
184757
186954
187059
187671