50
94
100
118
158
175
271
1281
1289
1306
1328
1330
1343
1414
1426
1441
1465
1470
1493
1509
1524
1532
1541
1551
1574
3254
3255
3256
3258
3260
3261
3262
3264
3265
3266
3267
3268
3269
3270
3271
3272
3273
3274
3275
3276
3278
3279
3281
3282
3283
3284
3285
3286
3287
3288
3289
3290
3291
3292
3293
3294
3295
3296
3297
3298
3299
3301
3302
3303
3304
3307
3308
3310
3311
3312
3313
3315
3317
3318
3319
3320
3321
3324
3325
3326
3328
3329
3330
3331
3332
3333
3334
3335
3336
3337
3338
3339
3341
3342
3343
3344
3345
3346
3348
3349
3350
3352
3354
3355
3356
3357
3359
3360
3361
3362
3367
3368
3369
3370
3371
3372
3373
3374
3375
3376
3377
3378
3380
3381
3382
3383
3384
3385
3386
3389
3390
3392
3393
3394
3395
3396
3398
3400
3401
3402
3403
3404
3406
3409
3410
3411
3412
3414
3415
3416
3417
3418
3419
3420
3421
3422
3423
3424
3425
3426
3427
3428
3429
3431
3433
3434
3435
3436
3437
3440
3442
3443
3445
3447
3448
3449
3451
3452
3453
3454
3455
3456
3457
3458
3459
3460
3461
3462
3464
3465
3466
3468
3469
3470
3471
3473
3474
3476
3477
3479
3483
3484
3485
3486
3488
3489
3490
3491
3492
3497
3498
3499
3501
3503
3505
3510
3511
3512
3513
3514
3515
3516
3518
3519
3520
3521
3522
3524
3525
3526
3529
3530
3531
3532
3533
3535
3536
3537
3538
3540
3542
3543
3544
3545
3546
3547
3548
3549
3550
3551
3553
3555
3556
3557
3558
3559
3560
3561
3563
3564
3565
3567
3568
3570
3571
3572
3573
3574
3575
3577
3578
3580
3581
3583
3585
3586
3589
3590
3591
3592
3593
3594
3595
3596
3597
3598
3599
3647
3735
3898
3919