1293
1313
1339
1341
1350
1373
1381
1406
1421
1434
1437
1450
1463
1487
1500
1521
1570
2024
3601
3602
3603
3604
3605
3606
3608
3609
3610
3612
3613
3614
3615
3616
3617
3618
3619
3620
3621
3622
3623
3624
3625
3626
3628
3631
3634
3635
3636
3638
3641
3644
3645
3646
3648
3651
3653
3654
3655
3656
3657
3659
3660
3661
3662
3663
3666
3667
3669
3671
3672
3673
3674
3675
3676
3678
3679
3680
3681
3682
3684
3687
3688
3689
3690
3692
3693
3694
3696
3699
3700
3702
3703
3704
3705
3707
3708
3709
3710
3711
3713
3715
3716
3717
3719
3720
3721
3722
3723
3725
3727
3730
3732
3733
3736
3737
3738
3739
3740
3741
3742
3745
3749
3750
3751
3752
3754
3755
3758
3759
3760
3761
3762
3763
3764
3765
3766
3767
3768
3769
3770
3771
3772
3773
3774
3775
3776
3777
3780
3781
3782
3784
3786
3787
3789
3791
3793
3797
3798
3799
3801
3802
3806
3807
3808
3809
3810
3811
3814
3816
3817
3818
3819
3823
3824
3826
3829
3830
3831
3833
3835
3838
3839
3841
3842
3845
3846
3849
3850
3853
3854
3858
3859
3860
3861
3862
3863
3864
3865
3870
3871
3873
3874
3875
3876
3877
3878
3880
3881
3882
3883
3884
3885
3886
3888
3889
3890
3891
3892
3893
3894
3895
3896
3897
3899
3900
3903
3906
3909
3912
3913
3915
3918
3921
3923
3924
3925
3926
3927
3930
3931
3932
3933
3934
3938
3939
3943
3944
3946
3947
3948