1582
1583
1584
1586
1587
1589
1590
1591
1594
1595
1597
1601
1602
1604
1605
1608
1610
1613
1614
1617
1618
1619
1620
1621
1622
1623
1624
1626
1627
1628
1629
1631
1633
1635
1636
1637
1638
1639
1640
1641
1643
1644
1645
1646
1647
1648
1649
1650
1651
1652
1653
1654
1655
1657
1658
1659
1660
1661
1662
1663
1665
1669
1671
1672
1674
1676
1678
1680
1681
1682
1684
1685
1686
1687
1688
1689
1690
1691
1693
1694
1695
1696
1697
1698
1699
1700
1701
1705
1706
1707
1708
1709
1710
1712
1713
1715
1716
1721
1722
1724
1726
1727
1730
1731
1732
1734
1735
1736
1738
1740
1744
1746
1747
1749
1750
1752
1754
1755
1756
1757
1758
1760
1761
1762
1764
1766
1768
1769
1770
1771
1774
1779
1780
1781
1782
1783
1784
1785
1786
1787
1788
1789
1792
1794
1795
1797
1799
1800
1802
1804
1805
1806
1808
1810
1811
1812
1813
1816
1818
1819
1821
1823
1825
1827
1828
1829
1831
1832
1833
1834
1835
1836
1837
1840
1842
1846
1847
1848
1849
1850
1851
1852
1853
1855
1857
1861
1862
1864
1865
1866
1867
1868
1870
1871
1872
1874
1877
1878
1879
1880
1882
1883
1884
1885
1887
1889
1890
1892
1893
1896
1897
1900
1901
1903
1905
1906
1907
1908
1909
1911
2321
2400
2409
2447
2489
2509
2546
2563
2924
2926
3007
3017
3021
3034
3037
3099
3163