526
605
606
612
695
712
4322
4560
4654
4655
4657
4658
4660
4661
4662
4663
4667
4668
4670
4671
4672
4673
4675
4676
4679
4680
4681
4685
4687
4688
4689
4695
4697
4698
4702
4703
4704
4705
4706
4707
4710
4711
4713
4714
4715
4716
4717
4722
4724
4726
4727
4728
4731
4735
4738
4739
4741
4744
4745
4746
4748
4753
4757
4758
4759
4761
4765
4766
4767
4768
4769
4770
4771
4773
4775
4776
4777
4781
4785
4788
4790
4792
4795
4798
4799
4801
4802
4807
4808
4810
4814
4816
4817
4818
4819
4820
4821
4822
4823
4825
4826
4827
4828
4829
4830
4832
4834
4835
4836
4837
4838
4840
4842
4843
4844
4845
4847
4849
4850
4854
4855
4861
4862
4863
4864
4865
4867
4875
4877
4878
4879
4881
4883
4884
4886
4888
4891
4893
4896
4901
4902
4903
4904
4905
4907
4908
4909
4910
4912
4913
4919
4922
4928
4929
4930
4931
4933
4937
4938
4939
4940
4942
4944
4947
4948
4949
4950
4951
4952
4954
4956
4959
4962
4964
4966
4968
4974
4977
4979
4983
4984
4987
4990
4991
4992
4993
4994
4996
4999