1914
1917
1918
1919
1921
1924
1925
1926
1927
1930
1935
1936
1939
1940
1941
1942
1944
1945
1947
1948
1949
1950
1951
1952
1953
1954
1958
1959
1960
1961
1963
1964
1967
1971
1974
1975
1978
1981
1983
1986
1987
1989
1993
1995
1997
1998
2006
2012
2014
2018
2020
2023
2026
2029
2030
2031
2033
2034
2035
2036
2039
2042
2044
2046
2050
2051
2052
2054
2056
2058
2059
2060
2061
2064
2067
2069
2070
2071
2072
2073
2076
2079
2080
2083
2088
2089
2090
2091
2095
2096
2100
2101
2102
2103
2105
2107
2110
2112
2113
2117
2119
2120
2122
2123
2125
2128
2130
2132
2134
2137
2139
2140
2143
2145
2147
2148
2153
2154
2160
2161
2162
2164
2165
2166
2168
2169
2171
2172
2176
2177
2179
2181
2183
2184
2185
2186
2189
2194
2196
2202
2203
2204
2205
2206
2207
2208
2209
2210
2212
2214
2215
2217
2218
2219
2222
2223
2226
2228
2230
2232
2235
2236
2237
2238
2239
2241
2242
2245
3843