1844
2247
2249
2250
2251
2253
2262
2265
2267
2268
2272
2273
2274
2280
2281
2283
2285
2287
2290
2292
2293
2295
2304
2305
2307
2311
2312
2313
2316
2320
2323
2327
2330
2331
2333
2334
2337
2339
2340
2342
2344
2346
2347
2349
2353
2354
2355
2357
2358
2359
2362
2367
2368
2369
2372
2373
2374
2376
2378
2379
2381
2383
2385
2386
2389
2393
2394
2395
2397
2398
2399
2401
2402
2404
2410
2411
2413
2414
2416
2418
2419
2420
2424
2425
2426
2427
2430
2431
2434
2435
2436
2438
2439
2444
2446
2448
2450
2452
2454
2455
2456
2457
2461
2463
2466
2467
2468
2470
2471
2474
2476
2478
2479
2483
2484
2487
2488
2490
2496
2501
2513
2515
2516
2517
2520
2521
2523
2526
2528
2529
2530
2531
2532
2533
2537
2538
2539
2541
2545
2547
2549
2551
2557
2559
2562
2565
2568
2573
2575
2576
2577
2579
2581