1421
3603
3604
3608
3609
3612
3614
3615
3616
3619
3620
3624
3625
3626
3628
3635
3636
3641
3644
3653
3654
3655
3659
3661
3667
3672
3674
3676
3678
3679
3680
3682
3684
3687
3690
3692
3693
3704
3709
3710
3713
3715
3716
3717
3720
3721
3722
3723
3725
3732
3736
3737
3738
3742
3749
3750
3754
3755
3758
3759
3760
3761
3763
3765
3766
3767
3768
3769
3770
3771
3772
3774
3775
3776
3780
3781
3786
3793
3797
3798
3799
3806
3808
3809
3810
3811
3823
3829
3831
3833
3835
3838
3842
3849
3850
3854
3861
3862
3863
3865
3870
3871
3875
3876
3877
3880
3882
3884
3888
3889
3892
3893
3895
3906
3912
3913
3918
3923
3924
3926
3931
3932
3934
3939
3943
3944
3946
3947