8947
9175
9519
9542
9591
9730
10299
10330
10332
10496
10746
10747
10767
10931
11374
12479
13215
14515
15988
16677
17159
19542
19600
19610
19612
20987
21331
21555
21772
21776
21778
21992
23297
23302
23308
23753
24258
24396
24499
25172
25399
25925
26257
26276
27439
28498
29119
29226
30032
30625
30755
30778
31472
31882
33195
33472
37359
38058
38525
39438
39440
40362
41621
43733
44366
45748
48104
48124
48592
53235
53420
56790
78129
89992
94760
101710
105928
114462
123017
133063
137907
150714
154049
157370
162717
181525
182904
189913
224629
242896
325135
328467
414490
483278
839537
912561
952148
985274
1364814
9060
9062
9064
9073
9074
9114
9116
9120
9127
9129
9130
9131
9150
9152
9153
9161
9380
9416
9421
9623
9625
10130
10136
10185
10191
10192
10194
10195
10344
10349
10353
10360
10362
10377
10385
10387
10594
10677
11119
11450
11463
11524
11559
12282
12808
13338
14608
14710
14858
15023
15037
15114
15198
15801
16000
16008
16019
16202
16375
16947
17153
17216
17393
17696
17726
17797
17931
18206
18449
19109
19199
19763
20139
20908
21076
21196
21206
21557
22191
22785
23438
23813
23957
23985
24158
24345
24385
24665
24859
24860
25631
25818
25865
26086
26788
26800
26971
27119
27202
27313
27317
27318
27365
27884
27916
27987
29316
29923
30302
30666
30723
31081
31518
32074
32233
32308
32380
32757
32870
33014
33142
33180
33189
33236
33509
33720
33793
34055
34318
34446
34620
35669
36242
36975
37478
37735
37771
38074
38717
38757
38788
38846
38990
39011
40606
40971
40994
41018
42794
43178
43627
43631
44744
47117
48319
49210
50231
50511
51463
51720
52200
52264
52292
52389
53171
53896
54231
54719
55131
55449
55691
55791
55844
57155
58289
61920
65013
67272
69886
75952
77110
78632
79955
81149
85070
85915
87435
91459
95710
101267
101686
106905
111938
122922
125669
144846
147048
152880
158463
162490
166964
188705
192704
202692
210176
269473
278854
325896
397046
569861
584194
693413
1058681
1136304
1174575
1221889
29667
194563
324855
346141
17773
146667
184006