11711
11720
11738
11794
11797
11824
11834
11835
11844
11875
11975
12164
12171
12174
12313
12345
12348
12349
12505
12525
12535
12973
13022
14148
14151
15079
16397
16481
16907
17417
17710
19762
19812
20303
21553
22168
23261
23741
24963
25323
27278
27836
28031
28125
28948
28966
34251
35513
37749
37969
42503
48518
48691
50033
55191
59233
60450
62616
68644
85096
95281
95319
106840
132282
146813
154608
161579
163416
176536
176668
179980
222811
243314
349982
353162
361642
400740
448516
623366
666310
832965
889434
1005760
142905
462800
517268