8961
8989
8995
9056
9065
9066
9117
9126
9197
9208
9310
9332
9347
9354
9355
9356
9358
9361
9362
9363
9368
9395
9459
9467
9652
9739
9841
10028
10109
10259
10322
10340
10392
10588
10720
10742
10795
10907
11031
11049
11604
11646
11788
12207
12615
12675
12677
12783
12784
12892
12906
12936
13377
13442
13617
14071
14628
14634
15391
15906
16170
16363
16570
16979
17242
17465
18107
18145
18593
18908
19153
19192
19460
19858
19889
20131
21247
22170
22324
22872
23161
24079
24896
26106
26198
26622
26780
27311
28792
29021
29048
29049
29636
29906
31798
32938
33152
33795
37238
37532
39458
39603
40555
41330
43116
45144
50853
51484
51721
52701
54137
55632
56197
56343
56439
57078
59817
63575
65345
65930
75950
86564
94404
106682
107377
117713
118633
120839
137174
147875
149562
188493
191559
195534
213446
220646
229292
232868
237812
244386
261214
303024
310242
369505
371345
412917
421386
458132
549675
565086
637458
681891
763638
779108
850586
883057
1165367
1247537
1322453
1568926
1569020
1569036
1569053
1569069
3456209
3456269
9957
138966
205885
145788
157872