13353
15044
42675
43819
56433
63743
63842
71398
73093
73227
77644
78480
79502
81461
84045
84257
89441
91120
93077
93096
94933
97570
97894
98041
100015
100515
100617
105291
105491
105504
105663
107632
107746
110114
110196
110256
110596
110766
110812
110888
112198
113021
114801
117927
121999
122585
124201
126876
127602
130359
131989
136624
136955
138427
140823
141809
149864
151499
151501
165604
169346
170896
171535
172961
185093
185125
185461
189369
194114
198574
201884
212315
212391
222373
237566
294408
296188
378986
435406
464744
490987
493060
493275
503914
545567
633727
636278
733939
756421
810144
881866
1031483
1129418
1148291
1220853
1454541
1596124
1969871
2024274
3213861
3745553
114636
81376
107765
113370
160030
245770
277273
352341
352642
362452
407769
412311
885850
999198
69424