17329
17807
17808
17811
17820
18655
19261
19264
20480
20483
20536
20995
21006
21613
22036
22043
22087
22089
22347
22363
22424
22833
22876
22899
23090
23092
23125
23711
23829
23835
23886
25673
25678
25766
27092
28660
32059
32080
34762
35304
35529
35544
36466
36541
41497
47426
58887
74000
76043
92893
151760
155197
333260
514611
666188
822363
943988
987915
1202764
4638886
46504
393164
29367
23847
26868
27488
39230
39231
39236
59104
74677
82998
89137
91704
334465
392551
1476288
2754275
23720
745403
77910
21356
505150