25108
26590
26973
30415
31286
35519
48469
49586
49858
50402
50435
53650
53872
54885
55033
57664
57674
58725
58909
58913
58920
58924
58951
60114
60122
60208
60386
60841
60989
61000
61016
61960
61961
62015
62033
62084
62102
62153
62389
62599
63409
63413
63474
63564
63572
63811
63941
64718
64749
64755
65159
66094
66106
66177
66185
66239
66241
66322
66411
66418
67413
67478
67482
67657
67742
68028
68461
68890
68901
69077
69098
69160
69218
69240
69244
69245
69283
69369
69401
69602
69644
69761
69788
69958
69960
69967
70258
70380
70584
71083
71115
71156
71253
71346
71536
71717
71807
72043
72286
73090
73113
73120
73136
73154
73195
73202
73220
73362
73513
74448
74449
74453
74479
74506
74520
74522
74532
74563
74655
74662
74714
74728
74736
74763
74821
74823
74854
74947
74958
75108
75226
76001
76008
76018
76022
76067
76104
76127
76133
76396
76424
76426
76469
76698
76720
77239
77565
77600
77602
77663
77679
77692
77815
77960
77964
77966
77986
78037
78047
78162
78243
78316
78324
78382
78386
78459
78547
78714
79383
79394
79413
79428
79467
79469
79478
79536
79571
79574
79604
79734
79737
79781
79920
79960
79971
79979
80124
80513
80544
80555
80595
80617
80635
81515
81548
81558
81570
81596
81621
81713
81720
81786
81890
81936
81968
82108
82342
82498
82554
82654
82800
83838
83986
84014
84019
84047
84073
84108
84206
84229
84248
84249
84253
84261
84264
84342
84434
84435
84452
84477
84487
84497
84551
84597
84623
84628
84640
84661
84704
84707
84887
84912
85306
85369
85454
85520
85855
86204
86996
87000
87072
87095
87154
87275
87279
87294
88900
88941
88958
89252
89656
90953
91033
91040
91097
91619
91654
91894
92890
92902
92930
92996
93385
93386
93417
93433
93483
93870
94042
94836
94872
94948
95017
95596
95615
95717
95727
95893
96294
96421
97146
97354
97958
98164
98285
98633
100345
100405
100796
103017
103098
103239
103267
103561
103702
105503
105936
106245
106824
108513
108872
110048
110124
110720
110742
112394
112493
112520
112562
112989
112990
113147
113198
113425
114581
114624
114958
115138
115319
121354
122586
127118
127619
133710
134457
135299
136804
136915
139362
141296
146767
152288
155037
155994
156590
158926
163877
167666
171033
176914
186864
189036
190306
195168
204086
208189
216734
218696
230248
236195
243149
245680
256565
278713
284684
285550
289130
289193
294921
322186
328177
337620
337873
338638
357486
362339
379031
392998
406096
411851
413897
441884
449690
455424
461943
470265
476644
490916
508425
509446
540823
553973
567376
572035
588066
597434
608756
615007
642319
683969
684399
706827
713319
721826
790918
952215
953817
987085
995635
1008787
1029114
1041042
1058794
1139167
1266733
1349921
1516154
2531081
4214209
4727875
74512
84060
84387
84481
93252
112767
368161
541008
642544
649000
986510
1011550
84900
100740
420182
589827
1021470