26996
35298
46077
46178
46208
46223
51049
52957
55050
55867
56261
56548
57436
57512
58651
58709
58783
58831
58835
60202
60525
60530
60540
60555
61324
61970
62212
63399
63888
64748
65033
65533
66235
66363
66374
66499
67412
67505
68086
69199
69228
69521
69750
71505
71551
73341
74691
74927
76531
77859
79326
79477
79714
79856
81367
84218
87735
88905
89120
91057
91935
91953
94868
96270
97832
99869
107991
110794
113286
115963
116103
117941
155090
254680
257162
328759
368605
418674
451036
454382
493544
503223
532296
547790
563906
581643
633884
669272
746530
768460
843464
895162
1201474
2193522
2197006
30383
58876
60049
71110
76102
86271
100338
100610
159865
190439
449624
501517
891794
57301
1096113
1326449
103421
350336