9220
9221
9222
9223
9225
9226
9227
9229
9231
9232
9233
9234
9235
9236
9237
9240
9241
9244
9245
9246
9247
9248
9249
9251
9252
9253
9254
9256
9260
9262
9263
9266
9267
9282
9299
9302
9313
9314
9316
9318
9326
9335
9337
9338
9340
9370
9371
9379
9382
9407
9410
9411
9412
9422
9423
9430
9433
9448
9449
9451
9453
9456
9460
9462
9474
9475
9494
9503
9510
9529
9618
9676
9945
10030
10056
10059
10060
10061
10279
10305
10410
10416
10426
10428
10475
10477
10508
10516
10526
10532
10577
10595
10617
10669
10672
10674
10676
10682
10740
10741
10743
10745
10750
10755
10756
10757
10758
10759
10866
10923
11013
11053
11073
11086
11348
11352
11358
11362
11365
11368
11381
11384
11388
11392
11405
11433
11438
11591
11592
11662
11888
11921
11930
11934
12019
12043
12344
12598
12824
13031
13049
13069
13075
13087
13168
13299
13339
13340
13452
13469
13476
13505
13611
13690
13709
13719
13727
13729
13730
14015
14044
14049
14192
14242
14491
14492
14496
14516
14554
14627
14697
14700
14737
14802
14810
14812
14886
14900
15014
15036
15245
15255
15301
15326
15357
15372
15389
15405
15444
15478
15479
15537
15590
15593
15653
15678
15681
15750
16233
16238
16344
16431
16495
16516
17004
17208
17249
17549
17600
17702
17817
17831
17833
18205
18223
18266
18268
18328
18400
18415
18416
18417
18452
18556
18565
18568
18659
18686
18744
18758
18800
19000
19018
19061
19267
19304
19370
19538
19596
19684
19704
19934
20063
20284
20286
20290
20295
20345
20456
20555
20772
20843
20918
20922
21093
21134
21192
21222
21368
21714
22071
22086
22163
22192
22199
22431
22535
22611
22703
22749
22865
22907
23257
23291
23361
23534
23541
23797
23889
24244
24276
24335
24457
24491
24503
24587
24834
24925
24986
25071
25175
25427
25484
25510
25576
25634
25916
26067
26097
26324
26333
26650
26805
26910
26919
27281
27305
27309
27622
27919
28193
28228
28259
28283
28565
29132
29219
29293
29459
29786
29878
29915
30522
30758
30905
31259
31324
31928
32100
32563
32813
32823
33037
33485
33560
33609
33856
33921
33940
33980
33987
34491
35000
35446
35778
36150
36163
36320
37156
37571
37916
38000
38449
38517
39192
39252
39473
39856
39990
40524
40730
40965
41716
41752
41937
41967
42079
42124
42740
42763
42933
42958
42986
43073
43418
43638
43933
45331
45672
45788
45825
46243
46556
46946
47540
47922
48142
48218
49215
49246
49904
50782
51498
51844
51856
52853
53485
53575
54051
55006
55614
56314
56554
57561
57955
58206
58416
59802
59935
60706
61501
62336
63990
64464
64502
64647
65996
66347
67068
67845
68303
68425
68645
68771
69230
69847
70019
70291
70822
72125
72231
72272
72721
73407
73625
75008
75514
78147
78290
79093
80642
80987
81193
81262
83379
85830
85953
86022
87899
88066
88356
88402
88459
89732
89775
91223
91234
91999
92535
93562
93719
96052
96758
96815
97009
99095
99190
99483
99686
99753
102206
102727
102757
103504
103786
104338
109826
111569
115779
120362
121062
123535
125045
125184
125528
126199
127465
130892
131805
132824
132921
132945
140363
147717
150992
152730
153505
154518
158601
160220
160579
161889
163882
174857
174957
175190
178030
180328
182083
182800
183534
184401
185343
185355
186949
188353
191327
191995
197305
208368
209045
213114
214111
216248
218398
219989
220372
221039
221074
224750
226248
226769
228296
232536
232554
233389
234859
243402
255878
262089
269349
274192
281099
292512
293641
299948
301212
305506
316637
324129
324195
341787
365671
380427
381642
386752
398421
399939
414070
418985
420315
427696
445783
480992
492127
498041
500012
517498
537258
564792
570666
592213
608105
610057
616302
621260
632595
632636
657091
667822
671170
671245
671253
671276
671358
671606
671665
671698
671762
671812
672035
672270
672328
672401
672473
677315
678638
681993
685994
686064
687088
688009
689345
689421
692344
692426
693942
694184
694223
694560
696167
696663
697858
700119
700158
700219
702472
702615
708952
709919
712502
717105
718353
721980
750051
797598
798372
820726
874485
931388
976433
1038401
1053679
1067829
1102174
1105909
1131949
1180605
1242428
1247036
1258459
1346945
1413693
1464402
1543670
3475086
4992438
4993614
4994634
4995246
4997564
4998370
9658
14599
19505
36820
11501
11507
11515
21100
59849
102079
171197
186235
217394
281051
20120
34901
52093
296665
306144
14644
41867
69850
836824