9518
9884
10190
11580
13774
13969
14637
16468
16500
16568
17888
19809
20127
20568
21789
22373
22603
23426
26050
27183
27677
28493
31248
33153
36133
37319
39357
46746
48043
55232
55468
55701
70132
78710
82197
114375
132085
136217
144218
161268
162344
166822
229407
229415
229418
229729
237399
249715
320855
490099
534376
538911
714558
783903
9724
11404
12855
13078
31092
33946
35189
35463
35490
35533
35556
35773
37322
40564
40615
45697
45896
55687
67957
68485
71562
74261
90121
99630
117496
238778
255633
306688
603739
931104
22370
23068
25322
31376
38959
182262
758366
114200
196859
191586
531040
77466
539390
32017
107495
9540
10863
14045
16696
19611
26539
27727
45301
52335
83132
157360
232503
233205
244045
902526
1368547
1468206
1468930