35
39.0433	-94.7167
8938
8964
8977
9191
9296
9627
9777
10019
10427
10453
12373
12565
12572
14711
17602
26428
31221
31230
35725
74164
150438
209161
215021
229150
255760
296819
326557
438869
570702
876674
24717
24861
25207
35393
328754
322
37.6852	-122.311
8947
9175
9519
9542
9591
9730
10299
10330
10332
10496
10746
10747
10767
10931
11374
12479
13215
14515
15988
16677
17159
19542
19600
19610
19612
20987
21331
21555
21772
21776
21778
21992
23297
23302
23308
23753
24258
24396
24499
25172
25399
25925
26257
26276
27439
28498
29119
29226
30032
30625
30755
30778
31472
31882
33195
33472
37359
38058
38525
39438
39440
40362
41621
43733
44366
45748
48104
48124
48592
53235
53420
56790
78129
89992
94760
101710
105928
114462
123017
133063
137907
150714
154049
157370
162717
181525
182904
189913
224629
242896
325135
328467
414490
483278
839537
912561
952148
985274
1364814
9060
9062
9064
9073
9074
9114
9116
9120
9127
9129
9130
9131
9150
9152
9153
9161
9380
9416
9421
9623
9625
10130
10136
10185
10191
10192
10194
10195
10344
10349
10353
10360
10362
10377
10385
10387
10594
10677
11119
11450
11463
11524
11559
12282
12808
13338
14608
14710
14858
15023
15037
15114
15198
15801
16000
16008
16019
16202
16375
16947
17153
17216
17393
17696
17726
17797
17931
18206
18449
19109
19199
19763
20139
20908
21076
21196
21206
21557
22191
22785
23438
23813
23957
23985
24158
24345
24385
24665
24859
24860
25631
25818
25865
26086
26788
26800
26971
27119
27202
27313
27317
27318
27365
27884
27916
27987
29316
29923
30302
30666
30723
31081
31518
32074
32233
32308
32380
32757
32870
33014
33142
33180
33189
33236
33509
33720
33793
34055
34318
34446
34620
35669
36242
36975
37478
37735
37771
38074
38717
38757
38788
38846
38990
39011
40606
40971
40994
41018
42794
43178
43627
43631
44744
47117
48319
49210
50231
50511
51463
51720
52200
52264
52292
52389
53171
53896
54231
54719
55131
55449
55691
55791
55844
57155
58289
61920
65013
67272
69886
75952
77110
78632
79955
81149
85070
85915
87435
91459
95710
101267
101686
106905
111938
122922
125669
144846
147048
152880
158463
162490
166964
188705
192704
202692
210176
269473
278854
325896
397046
569861
584194
693413
1058681
1136304
1174575
1221889
29667
194563
324855
346141
17773
146667
184006
171
32.8805	-96.899
8961
8989
8995
9056
9065
9066
9117
9126
9197
9208
9310
9332
9347
9354
9355
9356
9358
9361
9362
9363
9368
9395
9459
9467
9652
9739
9841
10028
10109
10259
10322
10340
10392
10588
10720
10742
10795
10907
11031
11049
11604
11646
11788
12207
12615
12675
12677
12783
12784
12892
12906
12936
13377
13442
13617
14071
14628
14634
15391
15906
16170
16363
16570
16979
17242
17465
18107
18145
18593
18908
19153
19192
19460
19858
19889
20131
21247
22170
22324
22872
23161
24079
24896
26106
26198
26622
26780
27311
28792
29021
29048
29049
29636
29906
31798
32938
33152
33795
37238
37532
39458
39603
40555
41330
43116
45144
50853
51484
51721
52701
54137
55632
56197
56343
56439
57078
59817
63575
65345
65930
75950
86564
94404
106682
107377
117713
118633
120839
137174
147875
149562
188493
191559
195534
213446
220646
229292
232868
237812
244386
261214
303024
310242
369505
371345
412917
421386
458132
549675
565086
637458
681891
763638
779108
850586
883057
1165367
1247537
1322453
1568926
1569020
1569036
1569053
1569069
3456209
3456269
9957
138966
205885
145788
157872
51
38.9337	-77.04
9181
9183
9184
9185
9186
9193
9194
9306
9865
11012
12788
12802
14453
14672
15684
16204
16780
17173
17186
17307
21109
24044
24767
25455
26309
29074
30181
35131
50171
53393
58943
92579
116359
131541
157586
163373
189745
208727
226188
338160
364010
380283
471554
607595
667341
731268
1165946
1301971
16198
84516
1222138
675
30.2674	-97.7746
9220
9221
9222
9223
9225
9226
9227
9229
9231
9232
9233
9234
9235
9236
9237
9240
9241
9244
9245
9246
9247
9248
9249
9251
9252
9253
9254
9256
9260
9262
9263
9266
9267
9282
9299
9302
9313
9314
9316
9318
9326
9335
9337
9338
9340
9370
9371
9379
9382
9407
9410
9411
9412
9422
9423
9430
9433
9448
9449
9451
9453
9456
9460
9462
9474
9475
9494
9503
9510
9529
9618
9676
9945
10030
10056
10059
10060
10061
10279
10305
10410
10416
10426
10428
10475
10477
10508
10516
10526
10532
10577
10595
10617
10669
10672
10674
10676
10682
10740
10741
10743
10745
10750
10755
10756
10757
10758
10759
10866
10923
11013
11053
11073
11086
11348
11352
11358
11362
11365
11368
11381
11384
11388
11392
11405
11433
11438
11591
11592
11662
11888
11921
11930
11934
12019
12043
12344
12598
12824
13031
13049
13069
13075
13087
13168
13299
13339
13340
13452
13469
13476
13505
13611
13690
13709
13719
13727
13729
13730
14015
14044
14049
14192
14242
14491
14492
14496
14516
14554
14627
14697
14700
14737
14802
14810
14812
14886
14900
15014
15036
15245
15255
15301
15326
15357
15372
15389
15405
15444
15478
15479
15537
15590
15593
15653
15678
15681
15750
16233
16238
16344
16431
16495
16516
17004
17208
17249
17549
17600
17702
17817
17831
17833
18205
18223
18266
18268
18328
18400
18415
18416
18417
18452
18556
18565
18568
18659
18686
18744
18758
18800
19000
19018
19061
19267
19304
19370
19538
19596
19684
19704
19934
20063
20284
20286
20290
20295
20345
20456
20555
20772
20843
20918
20922
21093
21134
21192
21222
21368
21714
22071
22086
22163
22192
22199
22431
22535
22611
22703
22749
22865
22907
23257
23291
23361
23534
23541
23797
23889
24244
24276
24335
24457
24491
24503
24587
24834
24925
24986
25071
25175
25427
25484
25510
25576
25634
25916
26067
26097
26324
26333
26650
26805
26910
26919
27281
27305
27309
27622
27919
28193
28228
28259
28283
28565
29132
29219
29293
29459
29786
29878
29915
30522
30758
30905
31259
31324
31928
32100
32563
32813
32823
33037
33485
33560
33609
33856
33921
33940
33980
33987
34491
35000
35446
35778
36150
36163
36320
37156
37571
37916
38000
38449
38517
39192
39252
39473
39856
39990
40524
40730
40965
41716
41752
41937
41967
42079
42124
42740
42763
42933
42958
42986
43073
43418
43638
43933
45331
45672
45788
45825
46243
46556
46946
47540
47922
48142
48218
49215
49246
49904
50782
51498
51844
51856
52853
53485
53575
54051
55006
55614
56314
56554
57561
57955
58206
58416
59802
59935
60706
61501
62336
63990
64464
64502
64647
65996
66347
67068
67845
68303
68425
68645
68771
69230
69847
70019
70291
70822
72125
72231
72272
72721
73407
73625
75008
75514
78147
78290
79093
80642
80987
81193
81262
83379
85830
85953
86022
87899
88066
88356
88402
88459
89732
89775
91223
91234
91999
92535
93562
93719
96052
96758
96815
97009
99095
99190
99483
99686
99753
102206
102727
102757
103504
103786
104338
109826
111569
115779
120362
121062
123535
125045
125184
125528
126199
127465
130892
131805
132824
132921
132945
140363
147717
150992
152730
153505
154518
158601
160220
160579
161889
163882
174857
174957
175190
178030
180328
182083
182800
183534
184401
185343
185355
186949
188353
191327
191995
197305
208368
209045
213114
214111
216248
218398
219989
220372
221039
221074
224750
226248
226769
228296
232536
232554
233389
234859
243402
255878
262089
269349
274192
281099
292512
293641
299948
301212
305506
316637
324129
324195
341787
365671
380427
381642
386752
398421
399939
414070
418985
420315
427696
445783
480992
492127
498041
500012
517498
537258
564792
570666
592213
608105
610057
616302
621260
632595
632636
657091
667822
671170
671245
671253
671276
671358
671606
671665
671698
671762
671812
672035
672270
672328
672401
672473
677315
678638
681993
685994
686064
687088
688009
689345
689421
692344
692426
693942
694184
694223
694560
696167
696663
697858
700119
700158
700219
702472
702615
708952
709919
712502
717105
718353
721980
750051
797598
798372
820726
874485
931388
976433
1038401
1053679
1067829
1102174
1105909
1131949
1180605
1242428
1247036
1258459
1346945
1413693
1464402
1543670
3475086
4992438
4993614
4994634
4995246
4997564
4998370
9658
14599
19505
36820
11501
11507
11515
21100
59849
102079
171197
186235
217394
281051
20120
34901
52093
296665
306144
14644
41867
69850
836824
44
47.5951	-122.295
9319
9321
9758
9763
9778
10098
10099
10177
10179
10380
10623
10654
10710
10716
10744
11319
12416
12696
16638
18097
20887
30209
33260
33542
34076
35909
36276
38129
43736
44579
61493
69738
79177
122398
127731
150437
197285
218847
279417
407346
740713
898352
1115302
1394773
117
33.7432	-117.97
9518
9884
10190
11580
13774
13969
14637
16468
16500
16568
17888
19809
20127
20568
21789
22373
22603
23426
26050
27183
27677
28493
31248
33153
36133
37319
39357
46746
48043
55232
55468
55701
70132
78710
82197
114375
132085
136217
144218
161268
162344
166822
229407
229415
229418
229729
237399
249715
320855
490099
534376
538911
714558
783903
9724
11404
12855
13078
31092
33946
35189
35463
35490
35533
35556
35773
37322
40564
40615
45697
45896
55687
67957
68485
71562
74261
90121
99630
117496
238778
255633
306688
603739
931104
22370
23068
25322
31376
38959
182262
758366
114200
196859
191586
531040
77466
539390
32017
107495
9540
10863
14045
16696
19611
26539
27727
45301
52335
83132
157360
232503
233205
244045
902526
1368547
1468206
1468930
62
36.0984	-115.155
9631
9670
11071
11099
11100
11101
11102
11104
12551
12591
15881
16807
17003
22420
23372
27235
29152
29798
29854
30023
40822
40927
41593
41928
43505
47691
47830
48211
49946
52741
55858
56265
80534
86289
91717
114163
120093
129941
132950
133556
135727
136391
138511
150153
154084
164426
171680
172543
202016
225602
225806
227025
228583
239380
249780
252405
259705
280538
298129
348869
428109
595368
10
37.1931	-93.2931
9738
9961
10016
24272
26214
28431
31282
45764
599991
1603434
44
41.9478	-87.7304
9816
9883
9907
9943
9948
9952
9996
11359
11601
11793
12430
12652
13315
13424
13582
17986
20524
20585
22831
23275
25795
28788
33380
35658
52832
53368
150738
186920
194882
243236
298670
351716
392728
419157
424177
470844
490542
549918
558076
861311
1132814
1564641
549313
689928
30
42.3941	-71.1025
9920
10140
10283
10284
10290
11072
12300
14128
14264
15775
16310
17045
20754
20903
24892
25391
27711
31767
38469
38851
54897
74041
130586
233891
330817
791828
944818
1157556
1246851
60362
13
44.9207	-93.266
10202
22841
24956
39111
46330
69293
69558
93741
128168
201189
214128
365256
895482
22
39.9941	-82.9837
10452
15784
24760
24816
31834
35479
58981
105828
106074
106785
108580
108941
115212
118507
133197
230113
274289
326632
380697
603691
714110
1080629
12
39.9793	-75.1422
10466
12896
13101
16113
16399
19166
23182
47804
118928
160335
245489
427380
42
33.7917	-84.4133
11677
11683
11684
11687
11688
11703
12773
12854
13287
14470
16527
16793
19599
23942
26545
26669
31246
34397
37494
38301
44781
54412
87516
91109
96073
98062
116411
119845
132152
138932
156581
215314
328916
335391
407668
796882
934990
1047110
1053977
1180981
304062
1200188
86
40.7585	-73.9528
11711
11720
11738
11794
11797
11824
11834
11835
11844
11875
11975
12164
12171
12174
12313
12345
12348
12349
12505
12525
12535
12973
13022
14148
14151
15079
16397
16481
16907
17417
17710
19762
19812
20303
21553
22168
23261
23741
24963
25323
27278
27836
28031
28125
28948
28966
34251
35513
37749
37969
42503
48518
48691
50033
55191
59233
60450
62616
68644
85096
95281
95319
106840
132282
146813
154608
161579
163416
176536
176668
179980
222811
243314
349982
353162
361642
400740
448516
623366
666310
832965
889434
1005760
142905
462800
517268
39
28.452	-81.4837
11810
14567
14616
14698
14721
14873
14883
15390
15400
15448
16717
17029
20831
21140
21554
22780
23852
24455
28277
28301
31942
32281
32596
32667
32788
33372
33500
34699
50790
51499
65083
69162
89936
93329
93894
177777
178699
443253
758476
41
29.8095	-95.4119
11861
11862
11883
13843
23523
24172
24799
26616
26767
27067
29453
36655
38987
40317
40430
41524
49879
56587
65361
69621
74015
77344
103944
103997
106555
139431
161329
173079
184065
196240
215242
229097
241204
259919
266589
274118
410010
471200
493198
712558
715383
52
35.5192	-97.5267
12333
12431
16135
18230
18231
19023
23036
23188
24302
24501
24650
24734
24746
24894
24899
25066
25082
25281
25388
25400
25567
25661
26432
26729
26749
26751
26753
27113
27247
27624
27871
27881
28325
28525
28815
31274
31589
31592
32991
33598
34403
47919
49458
52895
55512
68682
77821
283626
318404
465815
529683
1509079
34
39.8782	-105.036
12354
16652
16664
16759
16845
19709
20753
20948
21228
21655
21671
22217
23256
25394
25586
34037
35859
37497
39442
61301
105203
191696
206612
210327
218997
221057
249997
253277
415478
609506
666192
1027281
1490000
1569506
14
26.1524	-80.1578
12840
30830
62558
73597
99406
114035
254517
451058
528234
528594
631060
786513
792000
12518
15
52.5137	13.3997
12904
36602
46120
47752
49536
49538
59369
60638
63868
73640
198591
209178
1023313
1206617
1313462
17
45.548	-122.655
13281
17165
17303
17397
17645
17654
17842
19104
21923
22161
36079
37321
64667
75839
76893
606111
794836
116
57.7473	12.0449
13353
15044
42675
43819
56433
63743
63842
71398
73093
73227
77644
78480
79502
81461
84045
84257
89441
91120
93077
93096
94933
97570
97894
98041
100015
100515
100617
105291
105491
105504
105663
107632
107746
110114
110196
110256
110596
110766
110812
110888
112198
113021
114801
117927
121999
122585
124201
126876
127602
130359
131989
136624
136955
138427
140823
141809
149864
151499
151501
165604
169346
170896
171535
172961
185093
185125
185461
189369
194114
198574
201884
212315
212391
222373
237566
294408
296188
378986
435406
464744
490987
493060
493275
503914
545567
633727
636278
733939
756421
810144
881866
1031483
1129418
1148291
1220853
1454541
1596124
1969871
2024274
3213861
3745553
114636
81376
107765
113370
160030
245770
277273
352341
352642
362452
407769
412311
885850
999198
69424
12
48.1772	11.6368
13960
14046
27474
42260
49185
59342
92958
132394
159268
573320
829545
124537
28
52.1579	4.9137
15556
23373
28130
28825
30427
45227
63799
63820
95058
228662
339475
454866
580213
783393
941659
31140
32332
41334
49768
79535
855062
26828
104381
704287
41326
78160
204950
210391
83
51.4099	-0.161467
17329
17807
17808
17811
17820
18655
19261
19264
20480
20483
20536
20995
21006
21613
22036
22043
22087
22089
22347
22363
22424
22833
22876
22899
23090
23092
23125
23711
23829
23835
23886
25673
25678
25766
27092
28660
32059
32080
34762
35304
35529
35544
36466
36541
41497
47426
58887
74000
76043
92893
151760
155197
333260
514611
666188
822363
943988
987915
1202764
4638886
46504
393164
29367
23847
26868
27488
39230
39231
39236
59104
74677
82998
89137
91704
334465
392551
1476288
2754275
23720
745403
77910
21356
505150
18
33.4396	-111.982
18200
23524
27147
35084
38870
45918
53629
53860
55705
64320
69396
96806
162516
183363
186126
475384
743298
940906
18
35.8644	-78.7657
19911
25429
25544
25866
26321
26880
26915
27205
28931
31145
34294
40692
51719
475197
624154
820182
884647
1207815
14
50.0147	8.56566
23253
25415
28227
81645
87790
100802
100903
110352
126939
159297
217405
288983
563706
56842
33
35.6304	139.676
23482
27463
27466
27469
28665
31083
53608
53626
53628
66110
92728
92816
99329
102292
102783
102967
105638
136926
147944
240111
283607
300620
399760
400343
412210
413178
418629
550439
557402
636702
651433
719976
1015734
23
13.7508	100.558
23519
112671
121541
127179
134259
148337
149024
155746
211912
268302
282011
300003
317292
400425
465171
535504
630199
781284
796492
796700
804400
1133536
1270964
437
59.3578	18.028
25108
26590
26973
30415
31286
35519
48469
49586
49858
50402
50435
53650
53872
54885
55033
57664
57674
58725
58909
58913
58920
58924
58951
60114
60122
60208
60386
60841
60989
61000
61016
61960
61961
62015
62033
62084
62102
62153
62389
62599
63409
63413
63474
63564
63572
63811
63941
64718
64749
64755
65159
66094
66106
66177
66185
66239
66241
66322
66411
66418
67413
67478
67482
67657
67742
68028
68461
68890
68901
69077
69098
69160
69218
69240
69244
69245
69283
69369
69401
69602
69644
69761
69788
69958
69960
69967
70258
70380
70584
71083
71115
71156
71253
71346
71536
71717
71807
72043
72286
73090
73113
73120
73136
73154
73195
73202
73220
73362
73513
74448
74449
74453
74479
74506
74520
74522
74532
74563
74655
74662
74714
74728
74736
74763
74821
74823
74854
74947
74958
75108
75226
76001
76008
76018
76022
76067
76104
76127
76133
76396
76424
76426
76469
76698
76720
77239
77565
77600
77602
77663
77679
77692
77815
77960
77964
77966
77986
78037
78047
78162
78243
78316
78324
78382
78386
78459
78547
78714
79383
79394
79413
79428
79467
79469
79478
79536
79571
79574
79604
79734
79737
79781
79920
79960
79971
79979
80124
80513
80544
80555
80595
80617
80635
81515
81548
81558
81570
81596
81621
81713
81720
81786
81890
81936
81968
82108
82342
82498
82554
82654
82800
83838
83986
84014
84019
84047
84073
84108
84206
84229
84248
84249
84253
84261
84264
84342
84434
84435
84452
84477
84487
84497
84551
84597
84623
84628
84640
84661
84704
84707
84887
84912
85306
85369
85454
85520
85855
86204
86996
87000
87072
87095
87154
87275
87279
87294
88900
88941
88958
89252
89656
90953
91033
91040
91097
91619
91654
91894
92890
92902
92930
92996
93385
93386
93417
93433
93483
93870
94042
94836
94872
94948
95017
95596
95615
95717
95727
95893
96294
96421
97146
97354
97958
98164
98285
98633
100345
100405
100796
103017
103098
103239
103267
103561
103702
105503
105936
106245
106824
108513
108872
110048
110124
110720
110742
112394
112493
112520
112562
112989
112990
113147
113198
113425
114581
114624
114958
115138
115319
121354
122586
127118
127619
133710
134457
135299
136804
136915
139362
141296
146767
152288
155037
155994
156590
158926
163877
167666
171033
176914
186864
189036
190306
195168
204086
208189
216734
218696
230248
236195
243149
245680
256565
278713
284684
285550
289130
289193
294921
322186
328177
337620
337873
338638
357486
362339
379031
392998
406096
411851
413897
441884
449690
455424
461943
470265
476644
490916
508425
509446
540823
553973
567376
572035
588066
597434
608756
615007
642319
683969
684399
706827
713319
721826
790918
952215
953817
987085
995635
1008787
1029114
1041042
1058794
1139167
1266733
1349921
1516154
2531081
4214209
4727875
74512
84060
84387
84481
93252
112767
368161
541008
642544
649000
986510
1011550
84900
100740
420182
589827
1021470
22
21.3066	-157.856
25568
26365
28457
29303
29304
29305
36287
37669
42113
63805
74019
75386
79337
81178
82417
90088
90896
107307
188931
199987
215693
287500
59
59.9194	10.7537
26930
28804
47099
66171
97481
97719
110426
117827
119784
130784
248469
258281
296323
317853
340931
350777
353762
362326
367488
367638
368924
378929
380338
381605
388849
408896
437637
449620
450072
452211
465234
472602
472696
483808
504208
522708
563124
627135
638086
714966
738677
775282
783696
784266
786844
788604
788892
791142
807347
822426
823939
829927
947126
1082582
1082830
1175604
1235415
1367558
626306
113
55.689	12.9648
26996
35298
46077
46178
46208
46223
51049
52957
55050
55867
56261
56548
57436
57512
58651
58709
58783
58831
58835
60202
60525
60530
60540
60555
61324
61970
62212
63399
63888
64748
65033
65533
66235
66363
66374
66499
67412
67505
68086
69199
69228
69521
69750
71505
71551
73341
74691
74927
76531
77859
79326
79477
79714
79856
81367
84218
87735
88905
89120
91057
91935
91953
94868
96270
97832
99869
107991
110794
113286
115963
116103
117941
155090
254680
257162
328759
368605
418674
451036
454382
493544
503223
532296
547790
563906
581643
633884
669272
746530
768460
843464
895162
1201474
2193522
2197006
30383
58876
60049
71110
76102
86271
100338
100610
159865
190439
449624
501517
891794
57301
1096113
1326449
103421
350336
18
47.4198	8.55505
30432
31773
35504
40261
48729
60301
60662
71118
79573
79886
79900
81590
127306
216354
323755
652801
2269750
149979
14
-33.8738	151.07
35044
36169
96285
174879
184830
219128
219199
319880
334052
362436
371733
535236
929552
1057067
10
34.8367	-82.4438
35760
31028
31560
43939
64001
77755
79592
114128
639787
1319392
11
18.3995	-66.0669
41812
42006
58299
66626
72688
127184
217919
344706
519257
742256
747360
37
51.2021	7.05201
42276
43787
44946
45101
45241
57990
58946
68164
74955
74961
100904
103606
103961
106208
110444
110576
135773
185410
193509
251138
252378
360266
384774
451276
831538
979234
1331206
58714
69355
75943
567226
943931
2325548
44959
140913
49532
136611
15
51.0426	4.45649
42732
44991
60746
68132
68917
75070
76014
94958
105489
126783
133897
160288
194208
486920
148713
10
49.7656	9.9539
52694
84484
87653
95748
101023
158944
161185
969371
1196582
1369763
11
45.5211	-73.6807
56819
56937
59559
63491
69425
72320
73535
112751
169845
247851
1216100
14
57.7758	14.2134
73043
121278
124132
124276
134743
134939
144131
156866
173138
178058
182537
489150
973320
77577
33
24.7386	46.6812
83738
92844
94840
95034
95585
97331
99938
113121
114654
114684
114714
114843
130117
153204
156584
156670
179062
186012
193036
251767
268908
287998
327576
344587
350847
497937
509227
646896
736280
776707
1146800
1293700
4415130
12
60.3514	5.30923
211530
282185
332495
344170
344560
363665
413824
465402
476684
644644
778687
797179
0