0
1
2
3
6
7
9
11
12
13
16
18
19
22
24
25
26
27
28
29
30
31
32
33
34
36
37
38
40
42
43
44
45
46
48
51
53
55
58
59
61
63
64
65
66
67
68
69
71
72
76
79
80
82
83
84
85
87
88
89
90
92
95
96
97
98
99
101
102
103
104
105
108
109
110
112
113
114
115
116
117
119
120
122
123
124
127
129
130
131
133
134
135
136
137
138
139
140
141
142
143
144
145
147
149
150
151
152
154
156
157
159
160
162
163
164
165
166
167
168
170
171
172
173
174
176
177
178
180
181
183
184
185
186
188
189
190
192
193
194
196
197
199
200
201
202
203
204
205
206
207
208
209
210
211
212
214
215
216
218
219
220
221
222
223
224
225
226
227
229
231
236
238
239
240
242
243
247
248
250
251
254
255
256
257
258
259
260
261
263
265
266
269
270
272
274
275
277
278
280
281
282
283
284
285
286
287
289
290
291
292
293
295
298
299
1600
1630
1679
1725
1803
1843
1859
1875
1886
1904
2351
3365
3387
3388
3438
3439
3441
3527
3562
3976
3984
4022
4048
4052
4069
4078
4080
4136
4142
4146
4174
4178
4198
4218
4231
4251
4258
4269
4296