323
345
362
397
398
422
434
448
466
503
521
530
531
533
555
572
603
617
2097
2583
2589
2591
2592
2593
2595
2597
2599
2600
2601
2603
2605
2606
2611
2615
2616
2617
2618
2620
2622
2624
2626
2627
2631
2632
2633
2634
2638
2640
2641
2642
2643
2644
2645
2646
2647
2649
2656
2658
2659
2660
2662
2663
2664
2665
2666
2669
2671
2672
2673
2676
2679
2680
2682
2683
2684
2685
2686
2687
2690
2691
2692
2694
2695
2696
2698
2699
2700
2701
2703
2704
2705
2706
2707
2708
2709
2710
2711
2714
2716
2717
2718
2719
2721
2722
2723
2724
2725
2726
2730
2732
2733
2736
2737
2738
2739
2741
2742
2743
2746
2747
2748
2749
2750
2751
2753
2755
2756
2758
2761
2764
2766
2767
2775
2776
2778
2779
2781
2782
2784
2785
2786
2787
2788
2789
2791
2793
2795
2798
2799
2801
2802
2803
2805
2806
2807
2808
2809
2810
2811
2812
2813
2815
2816
2819
2821
2824
2825
2828
2829
2830
2831
2833
2835
2837
2839
2840
2841
2842
2844
2845
2846
2847
2849
2852
2853
2854
2856
2857
2858
2859
2861
2865
2866
2867
2868
2869
2870
2871
2872
2873
2874
2875
2876
2877
2879
2880
2882
2883
2885
2886
2887
2888
2889
2890
2892
2893
2896
2898
2899
2900
2901
2902
2903
2904
2908
2910
2911
2912
2913
2915
2916
4167
4204
4224