1582
1583
1590
1594
1601
1604
1605
1608
1610
1613
1614
1617
1618
1619
1622
1624
1629
1633
1635
1637
1640
1643
1644
1645
1646
1647
1648
1650
1652
1653
1654
1655
1657
1658
1660
1662
1671
1674
1676
1680
1681
1682
1684
1686
1687
1689
1690
1691
1698
1701
1705
1706
1707
1708
1709
1710
1722
1724
1726
1727
1730
1731
1732
1735
1747
1749
1750
1761
1762
1764
1766
1769
1770
1774
1779
1780
1781
1784
1786
1787
1789
1797
1800
1802
1804
1805
1806
1808
1810
1811
1816
1818
1819
1827
1828
1829
1831
1833
1835
1837
1842
1847
1848
1850
1851
1852
1857
1862
1864
1865
1867
1870
1871
1877
1878
1879
1880
1883
1884
1887
1889
1890
1893
1903
1905
1906
1907
1908
2447
2924
2926
3007
3017
3034
3037
3163