20
57
308
328
334
347
354
394
401
440
453
465
470
473
506
518
524
528
546
552
568
587
590
602
613
618
937
938
939
941
942
944
945
946
947
948
949
950
951
954
956
957
958
959
960
961
962
963
964
967
971
972
973
974
976
977
978
979
980
981
982
983
984
985
986
988
989
990
991
992
993
995
996
997
998
999
1000
1001
1003
1004
1006
1008
1009
1010
1011
1012
1013
1014
1015
1017
1018
1019
1020
1021
1022
1023
1024
1025
1026
1027
1028
1029
1030
1031
1032
1033
1034
1035
1036
1038
1039
1040
1042
1043
1044
1045
1046
1047
1050
1051
1052
1053
1054
1055
1056
1058
1059
1061
1062
1063
1064
1065
1066
1067
1070
1071
1072
1073
1074
1075
1076
1077
1078
1080
1081
1082
1083
1084
1085
1086
1087
1088
1089
1090
1091
1092
1093
1095
1096
1097
1098
1100
1103
1104
1106
1107
1108
1109
1111
1112
1113
1115
1116
1117
1118
1119
1120
1121
1123
1124
1125
1126
1127
1128
1129
1131
1132
1133
1134
1135
1136
1137
1138
1143
1144
1145
1146
1147
1148
1149
1150
1151
1153
1155
1156
1157
1158
1159
1160
1161
1162
1163
1165
1166
1167
1169
1170
1171
1172
1173
1175
1176
1177
1178
1180
1181
1183
1184
1185
1186
1187
1188
1189
1190
1191
1192
1193
1194
1195
1197
1198
1199
1200
1202
1203
1204
1205
1206
1207
1208
1209
1210
1211
1212
1213
1214
1215
1216
1217
1218
1219
1221
1222
1223
1224
1225
1226
1227
1229
1230
1231
1232
1233
1234
1235
1236
1237
1238
1240
1241
1242
1244
1245
1246
1247
1248
1249
1250
1251
1252
1253
1254
1255
1259
1826
4701
4740
4780
4880
4976