5
14
23
52
60
81
111
121
126
213
228
230
253
279
314
315
351
400
412
419
460
471
480
498
500
576
588
611
615
940
943
965
1049
1068
1094
1099
1102
1122
1130
1154
1168
1239
2628
2897
2914
3950
3951
3952
3954
3955
3956
3957
3958
3959
3960
3961
3962
3963
3965
3967
3969
3971
3972
3973
3974
3975
3977
3978
3979
3980
3981
3982
3983
3985
3986
3987
3988
3990
3991
3992
3993
3994
3996
3997
3998
4000
4001
4002
4004
4005
4006
4007
4010
4011
4012
4013
4014
4015
4016
4017
4018
4019
4021
4024
4026
4027
4028
4029
4030
4031
4032
4034
4035
4036
4037
4038
4039
4040
4042
4043
4044
4045
4046
4047
4050
4051
4053
4054
4055
4057
4058
4060
4061
4062
4063
4065
4066
4070
4071
4072
4073
4075
4076
4077
4079
4081
4082
4083
4084
4085
4086
4087
4088
4089
4090
4091
4093
4094
4095
4096
4097
4098
4099
4100
4103
4104
4105
4106
4107
4108
4109
4110
4111
4112
4113
4114
4115
4116
4117
4118
4119
4122
4123
4124
4125
4126
4127
4128
4129
4130
4131
4132
4133
4134
4135
4137
4138
4139
4141
4143
4144
4145
4148
4149
4150
4153
4154
4156
4159
4160
4161
4162
4164
4165
4166
4168
4171
4173
4175
4176
4177
4179
4180
4181
4183
4185
4186
4187
4188
4189
4190
4191
4192
4193
4194
4195
4196
4197
4199
4201
4202
4203
4205
4206
4207
4208
4209
4210
4211
4212
4213
4215
4216
4217
4219
4220
4221
4223
4226
4227
4229
4230
4234
4235
4236
4237
4238
4239
4240
4242
4243
4245
4246
4247
4248
4249
4250
4252
4255
4256
4257
4260
4263
4267
4268
4270
4271
4272
4274
4275
4276
4277
4279
4280
4281
4282
4283
4284
4286
4287
4288
4289
4291
4292
4293
4294
4295
4298
4299