630
632
650
656
662
683
688
708
726
778
791
806
807
827
852
892
897
901
914
4300
4302
4303
4304
4306
4309
4310
4312
4314
4315
4316
4319
4320
4323
4327
4328
4331
4332
4337
4338
4340
4341
4342
4343
4346
4347
4348
4349
4352
4353
4355
4358
4359
4361
4362
4364
4365
4367
4373
4376
4378
4380
4381
4386
4387
4389
4390
4391
4394
4395
4396
4398
4403
4404
4405
4407
4412
4419
4420
4421
4423
4425
4426
4427
4429
4431
4434
4435
4437
4439
4440
4442
4444
4445
4446
4447
4448
4449
4450
4451
4452
4453
4455
4456
4457
4458
4466
4469
4470
4473
4474
4477
4478
4479
4481
4482
4483
4484
4485
4486
4488
4490
4491
4494
4496
4499
4500
4502
4503
4505
4508
4509
4510
4512
4513
4514
4516
4517
4518
4519
4521
4523
4525
4527
4528
4529
4531
4533
4534
4536
4537
4539
4541
4543
4544
4546
4549
4550
4551
4553
4554
4556
4558
4559
4563
4564
4565
4566
4567
4568
4569
4573
4574
4575
4576
4578
4579
4581
4583
4585
4586
4589
4590
4591
4597
4601
4602
4603
4605
4607
4609
4610
4612
4613
4614
4615
4617
4620
4621
4622
4625
4628
4629
4631
4633
4635
4636
4639
4640
4641
4642
4647
4648
4649
4690
4873
4895