10
50
73
86
91
94
100
106
118
158
175
179
237
271
297
1289
1353
1398
1414
1470
1551
1556
3254
3255
3256
3257
3258
3259
3260
3261
3263
3264
3265
3266
3267
3268
3270
3271
3272
3273
3274
3275
3278
3281
3284
3285
3286
3287
3288
3289
3290
3292
3293
3294
3295
3296
3297
3299
3300
3301
3302
3303
3304
3307
3308
3309
3310
3311
3312
3314
3315
3317
3318
3319
3320
3321
3322
3323
3325
3326
3328
3330
3331
3332
3334
3335
3336
3337
3338
3339
3340
3341
3342
3344
3345
3346
3347
3349
3352
3353
3354
3355
3356
3357
3359
3360
3361
3362
3367
3368
3369
3370
3371
3372
3373
3374
3375
3376
3378
3380
3381
3382
3383
3384
3389
3390
3391
3392
3393
3394
3395
3396
3397
3399
3400
3401
3402
3403
3404
3407
3410
3411
3412
3413
3414
3415
3416
3417
3419
3420
3421
3422
3423
3424
3425
3427
3429
3430
3431
3432
3433
3434
3435
3436
3440
3442
3443
3445
3446
3447
3448
3449
3452
3453
3454
3455
3456
3457
3458
3459
3460
3461
3462
3463
3464
3465
3466
3467
3468
3469
3470
3471
3473
3474
3475
3479
3480
3481
3483
3484
3486
3488
3489
3491
3497
3499
3501
3503
3505
3507
3508
3509
3510
3511
3513
3514
3516
3519
3520
3521
3522
3524
3525
3526
3529
3532
3533
3534
3535
3536
3537
3538
3540
3542
3545
3546
3547
3548
3549
3550
3551
3553
3556
3557
3558
3559
3560
3561
3564
3565
3568
3569
3570
3573
3574
3575
3576
3577
3578
3580
3581
3583
3585
3586
3587
3589
3590
3591
3592
3593
3594
3595
3597
3598
3599