1267
1279
1281
1283
1292
1296
1300
1306
1307
1319
1321
1324
1328
1330
1332
1343
1344
1345
1346
1352
1361
1365
1366
1368
1378
1382
1383
1393
1404
1408
1412
1417
1419
1426
1431
1436
1440
1441
1445
1448
1449
1456
1465
1468
1471
1476
1478
1479
1493
1498
1505
1509
1513
1517
1518
1524
1532
1541
1552
1555
1560
1571
1572
1573
1574
1575
1578
1580
3262
3269
3276
3279
3282
3283
3291
3298
3313
3316
3324
3329
3333
3343
3348
3350
3358
3364
3377
3385
3386
3398
3405
3406
3409
3418
3426
3428
3437
3451
3472
3476
3477
3485
3487
3490
3492
3494
3498
3502
3504
3512
3515
3517
3518
3528
3530
3531
3539
3541
3543
3544
3555
3563
3567
3571
3572
3579
3582
3588
3596
3647
3686
3701
3735
3778
3821
3847
3898
3919