1582
1584
1587
1590
1591
1593
1595
1598
1599
1602
1604
1605
1608
1609
1610
1614
1615
1617
1619
1620
1621
1622
1623
1624
1627
1628
1633
1635
1637
1639
1640
1641
1642
1643
1644
1645
1646
1647
1648
1650
1651
1652
1654
1656
1657
1658
1660
1661
1663
1666
1667
1668
1670
1671
1674
1676
1678
1680
1681
1682
1684
1685
1686
1687
1689
1690
1691
1694
1698
1699
1707
1708
1709
1710
1712
1714
1716
1721
1722
1723
1724
1726
1729
1731
1732
1735
1737
1740
1745
1746
1749
1750
1751
1753
1755
1756
1760
1761
1762
1766
1769
1771
1774
1779
1780
1781
1782
1783
1784
1786
1788
1790
1801
1802
1804
1805
1806
1808
1811
1816
1818
1819
1821
1823
1829
1831
1833
1834
1837
1840
1841
1842
1846
1847
1848
1850
1851
1853
1855
1856
1857
1858
1861
1862
1863
1864
1866
1867
1870
1871
1872
1873
1878
1881
1883
1884
1885
1887
1890
1893
1900
1901
1902
1903
1906
1907
1908
2409
2412
2447
2924
2926
2954
2971
2998
3007
3017
3021
3034
3037
3093
3099
3163
3192
3222
3239