1260
1261
1263
1264
1265
1266
1268
1269
1270
1271
1272
1273
1275
1277
1278
1280
1282
1284
1285
1286
1287
1288
1290
1291
1294
1295
1298
1299
1301
1302
1303
1304
1305
1308
1310
1312
1314
1315
1316
1317
1318
1320
1322
1323
1325
1326
1327
1329
1331
1333
1334
1335
1337
1338
1340
1342
1347
1348
1349
1351
1354
1355
1356
1357
1359
1360
1362
1363
1364
1367
1369
1370
1371
1372
1374
1375
1377
1379
1380
1384
1385
1386
1387
1388
1389
1390
1391
1392
1394
1395
1396
1397
1400
1401
1402
1403
1405
1409
1410
1411
1415
1416
1418
1420
1422
1423
1424
1425
1427
1428
1429
1430
1432
1435
1438
1439
1443
1444
1447
1451
1452
1453
1454
1455
1457
1458
1459
1460
1461
1462
1464
1469
1473
1474
1475
1477
1480
1481
1482
1483
1484
1485
1486
1488
1489
1490
1491
1492
1494
1495
1496
1497
1499
1502
1503
1504
1506
1508
1510
1511
1512
1514
1515
1516
1519
1520
1522
1523
1525
1526
1529
1530
1531
1533
1534
1535
1536
1537
1538
1539
1540
1542
1543
1545
1546
1548
1549
1550
1553
1554
1557
1559
1561
1562
1564
1565
1566
1567
1568
1569
1576
1577
1579
1581
3668
3691
3714
3724
3756
3779
3794
3804
3836
3837
3852
3869
3905
3907
3949