323
345
358
362
397
421
422
424
431
448
466
477
509
519
521
533
555
575
597
1920
1979
2094
2097
2109
2190
2197
2583
2584
2585
2589
2590
2591
2594
2595
2597
2598
2599
2600
2601
2604
2605
2606
2608
2609
2610
2612
2615
2616
2617
2618
2620
2623
2624
2626
2629
2631
2633
2634
2635
2636
2637
2638
2641
2642
2643
2644
2645
2646
2647
2648
2649
2651
2652
2654
2656
2657
2658
2660
2662
2663
2664
2666
2672
2674
2675
2676
2678
2679
2680
2682
2684
2685
2686
2687
2688
2689
2690
2691
2692
2693
2694
2695
2696
2698
2700
2701
2703
2704
2705
2706
2707
2708
2709
2711
2712
2713
2714
2715
2716
2717
2718
2719
2720
2721
2722
2723
2724
2725
2726
2727
2730
2732
2735
2736
2737
2738
2739
2740
2741
2742
2743
2744
2746
2748
2749
2750
2752
2753
2755
2756
2758
2759
2761
2762
2763
2764
2765
2766
2767
2768
2769
2771
2772
2773
2774
2776
2778
2779
2781
2782
2783
2786
2787
2788
2789
2792
2793
2794
2795
2796
2798
2799
2800
2801
2802
2803
2805
2806
2807
2809
2810
2811
2812
2813
2815
2816
2818
2822
2824
2826
2827
2828
2829
2830
2831
2832
2833
2834
2835
2836
2837
2839
2840
2841
2842
2843
2844
2845
2846
2847
2848
2849
2850
2852
2854
2855
2857
2858
2860
2861
2862
2863
2864
2865
2866
2867
2868
2869
2870
2871
2872
2873
2874
2875
2876
2877
2879
2880
2882
2883
2884
2885
2886
2887
2888
2890
2892
2893
2895
2896
2898
2899
2900
2901
2902
2903
2904
2906
2907
2908
2910
2911
2912
2913
2915
2916
4008
4033
4067
4092
4147
4182
4224
4241
4264