14
15
20
23
52
56
57
60
77
81
93
121
125
161
230
249
294
296
300
301
302
303
304
305
306
307
308
310
311
312
313
315
316
318
319
320
321
322
324
325
326
327
328
330
331
332
333
334
335
336
337
338
340
341
343
346
347
349
353
354
355
356
357
360
361
365
366
368
369
370
372
374
377
379
380
381
382
383
384
386
387
388
389
390
391
393
394
396
400
401
402
404
405
406
407
408
409
410
411
412
413
415
416
418
419
420
423
425
426
428
429
432
435
436
438
439
440
441
442
443
444
446
449
450
451
452
453
455
456
457
458
459
460
461
462
463
464
465
467
468
469
470
471
473
475
476
478
479
480
481
482
484
485
486
487
489
492
493
494
495
497
498
499
500
501
502
504
506
507
508
510
512
513
514
515
518
520
522
523
524
525
527
528
534
535
536
537
540
543
545
547
548
549
550
551
553
554
557
559
560
561
562
563
564
565
566
568
569
571
573
574
576
577
581
582
584
587
588
589
590
591
594
595
596
598
599
600
601
602
604
607
609
610
611
613
615
616
618
619
620
938
940
942
943
944
947
948
949
950
954
958
959
960
961
962
963
965
966
967
970
977
985
986
987
988
990
993
994
997
998
999
1000
1001
1002
1005
1006
1008
1013
1014
1016
1017
1023
1024
1025
1026
1027
1028
1029
1030
1031
1032
1033
1035
1036
1038
1039
1040
1042
1048
1049
1050
1052
1054
1055
1056
1057
1058
1060
1061
1062
1064
1066
1068
1070
1071
1072
1074
1076
1077
1081
1083
1085
1086
1087
1088
1090
1093
1094
1096
1097
1098
1099
1102
1103
1104
1110
1112
1113
1114
1115
1120
1121
1122
1123
1124
1125
1127
1128
1129
1130
1137
1143
1144
1147
1151
1154
1155
1158
1161
1162
1165
1166
1168
1169
1170
1172
1173
1175
1177
1180
1181
1188
1189
1190
1191
1192
1193
1194
1195
1197
1199
1200
1201
1203
1205
1206
1207
1208
1213
1215
1217
1219
1220
1223
1224
1225
1227
1228
1229
1232
1234
1235
1236
1239
1240
1241
1244
1245
1246
1249
1252
1253
1254
1257
1632
2078
2175
2588
2596
2607
2614
2621
2628
2653
2702
2734
2780
2797
2881
2891
2894
2897
2914
3950
3951
3952
3954
3955
3956
3959
3961
3962
3963
3967
3969
3971
3972
3973
3974
3975
3977
3978
3979
3980
3981
3983
3986
3988
3990
3991
3995
3996
3998
4000
4001
4002
4003
4006
4007
4009
4010
4011
4013
4014
4015
4016
4017
4019
4020
4021
4023
4024
4025
4026
4027
4029
4030
4031
4035
4036
4037
4038
4039
4040
4041
4042
4044
4046
4047
4050
4051
4053
4054
4057
4058
4059
4060
4061
4062
4063
4064
4065
4070
4071
4072
4073
4076
4077
4079
4081
4082
4083
4084
4085
4087
4089
4090
4091
4093
4094
4095
4096
4097
4098
4099
4100
4102
4103
4104
4105
4106
4107
4109
4111
4112
4113
4114
4115
4116
4117
4118
4119
4120
4121
4122
4123
4125
4126
4127
4128
4129
4130
4131
4132
4133
4134
4135
4139
4140
4141
4143
4144
4145
4148
4149
4150
4151
4152
4153
4154
4156
4157
4158
4160
4161
4162
4163
4164
4165
4166
4168
4169
4171
4173
4175
4176
4177
4179
4180
4186
4187
4188
4189
4191
4195
4196
4199
4200
4201
4202
4203
4205
4207
4208
4209
4210
4212
4214
4215
4216
4217
4219
4220
4221
4225
4227
4228
4230
4232
4234
4235
4236
4237
4238
4239
4242
4246
4249
4250
4252
4253
4255
4256
4257
4260
4261
4263
4265
4267
4268
4272
4273
4274
4275
4276
4279
4280
4282
4284
4285
4286
4289
4290
4291
4292
4293
4295
4298
4299
4664
4665
4669
4691
4692
4700
4720
4721
4725
4730
4732
4736
4740
4749
4751
4754
4755
4760
4764
4772
4779
4784
4793
4794
4796
4812
4824
4839
4851
4853
4860
4874
4880
4887
4927
4953
4960
4961
4971
4973
4975
4976
4978
4986
4989