74
104
111
169
182
198
226
228
241
253
262
268
276
279
314
351
496
1913
1914
1915
1916
1917
1918
1919
1921
1922
1923
1924
1925
1926
1927
1928
1929
1930
1931
1932
1933
1934
1935
1936
1937
1938
1939
1940
1941
1942
1943
1944
1945
1946
1947
1948
1949
1950
1951
1952
1953
1954
1955
1956
1957
1958
1959
1960
1961
1962
1963
1964
1965
1966
1967
1968
1969
1970
1971
1972
1973
1974
1975
1976
1977
1978
1980
1981
1982
1983
1984
1985
1986
1987
1988
1989
1990
1991
1992
1993
1994
1995
1996
1997
1998
1999
2000
2001
2002
2003
2004
2005
2006
2007
2008
2009
2010
2011
2012
2013
2014
2015
2016
2017
2018
2019
2020
2021
2022
2023
2024
2025
2026
2027
2028
2029
2030
2031
2032
2033
2034
2035
2036
2037
2038
2039
2040
2041
2042
2043
2044
2045
2046
2047
2048
2049
2050
2051
2052
2053
2054
2055
2056
2057
2058
2059
2060
2061
2062
2063
2064
2065
2066
2067
2068
2069
2070
2071
2072
2073
2074
2075
2076
2077
2079
2080
2081
2082
2083
2084
2085
2086
2087
2088
2089
2090
2091
2092
2093
2095
2096
2098
2099
2100
2101
2102
2103
2104
2105
2106
2107
2108
2110
2111
2112
2113
2114
2115
2116
2117
2118
2119
2120
2121
2122
2123
2124
2125
2126
2127
2128
2129
2130
2131
2132
2133
2134
2135
2136
2137
2138
2139
2140
2141
2142
2143
2144
2145
2146
2147
2148
2149
2150
2151
2152
2153
2154
2155
2156
2157
2158
2159
2160
2161
2162
2163
2164
2165
2166
2167
2168
2169
2170
2171
2172
2173
2174
2176
2177
2178
2179
2180
2181
2182
2183
2184
2185
2186
2187
2188
2189
2191
2192
2193
2194
2195
2196
2198
2199
2200
2201
2202
2203
2204
2205
2206
2207
2208
2209
2210
2211
2212
2213
2214
2215
2216
2217
2218
2219
2220
2221
2222
2223
2224
2225
2226
2227
2228
2229
2230
2231
2232
2233
2234
2235
2236
2237
2238
2239
2240
2241
2242
2243
2244
2245
2586
2667
2754
2820
2878
3327
3627
3639
3642
3643
3652
3665
3683
3695
3712
3726
3729
3731
3746
3747
3757
3773
3777
3783
3785
3790
3792
3803
3812
3820
3826
3827
3828
3832
3834
3839
3843
3851
3855
3856
3857
3867
3872
3879
3887
3910
3914
3915
3916
3922
3928
3930
3936
3937
3940
3941
3953
3957
3960
3965
3966
3968
3982
3985
3987
3992
3994
3997
4004
4028
4032
4034
4043
4045
4049
4066
4068
4074
4075
4086
4088
4101
4108
4124
4137
4138
4159
4170
4181
4183
4184
4185
4190
4192
4193
4194
4197
4206
4211
4213
4222
4223
4229
4240
4243
4244
4245
4247
4248
4254
4259
4270
4271
4277
4281
4283
4287
4288
4294
4297