308
347
440
473
518
546
552
602
613
938
939
941
942
944
945
946
950
951
954
956
957
958
959
960
961
962
963
972
973
974
976
977
980
981
982
983
985
986
988
989
991
993
996
999
1000
1003
1004
1009
1011
1012
1013
1017
1018
1019
1020
1021
1022
1025
1027
1029
1030
1031
1035
1036
1039
1040
1042
1044
1045
1047
1050
1051
1052
1054
1055
1056
1058
1059
1061
1063
1065
1066
1067
1070
1072
1073
1074
1076
1078
1080
1081
1082
1083
1084
1085
1086
1087
1088
1089
1090
1091
1092
1093
1097
1103
1104
1108
1109
1111
1112
1116
1117
1118
1119
1121
1125
1126
1127
1128
1129
1132
1133
1135
1137
1138
1143
1144
1146
1147
1149
1150
1155
1156
1157
1159
1160
1162
1166
1167
1169
1170
1171
1172
1173
1175
1180
1181
1183
1184
1185
1186
1187
1189
1190
1191
1193
1194
1197
1198
1202
1203
1205
1206
1208
1209
1210
1211
1212
1213
1214
1215
1216
1219
1221
1223
1224
1227
1229
1230
1231
1232
1234
1235
1237
1238
1240
1241
1242
1244
1246
1247
1248
1249
1250
1252
1253
1254
1255
1259
4780