52
230
351
500
615
1102
3950
3951
3954
3959
3960
3961
3963
3967
3972
3974
3975
3979
3982
3983
3985
3990
3991
3996
3998
4000
4001
4002
4004
4006
4007
4010
4011
4014
4015
4016
4017
4019
4024
4026
4027
4029
4030
4031
4032
4034
4035
4036
4037
4038
4039
4040
4042
4044
4050
4058
4061
4065
4070
4071
4072
4076
4077
4081
4082
4083
4084
4085
4087
4088
4090
4091
4093
4094
4095
4098
4099
4100
4105
4107
4109
4111
4114
4115
4116
4122
4123
4126
4128
4129
4130
4131
4132
4133
4137
4139
4141
4143
4144
4145
4148
4153
4154
4161
4165
4166
4168
4171
4173
4176
4179
4180
4183
4185
4187
4188
4189
4191
4193
4197
4199
4201
4203
4205
4207
4208
4209
4211
4212
4215
4216
4217
4219
4227
4230
4236
4238
4239
4240
4246
4247
4249
4250
4256
4267
4268
4272
4274
4275
4276
4279
4280
4282
4284
4286
4289
4292
4293
4294
4295
4299