1913
1914
1915
1916
1917
1918
1919
1921
1922
1924
1925
1926
1927
1928
1930
1931
1933
1934
1935
1936
1937
1939
1940
1941
1942
1943
1944
1945
1946
1947
1948
1949
1950
1951
1952
1953
1954
1955
1956
1957
1958
1959
1960
1961
1962
1963
1964
1966
1967
1968
1969
1970
1971
1974
1975
1976
1977
1978
1981
1982
1983
1985
1986
1987
1988
1989
1990
1993
1994
1995
1997
1998
1999
2001
2002
2003
2004
2005
2006
2007
2008
2012
2013
2014
2015
2016
2018
2020
2022
2023
2026
2027
2028
2029
2030
2031
2033
2034
2035
2036
2037
2039
2042
2043
2044
2045
2046
2048
2049
2050
2051
2052
2053
2054
2055
2056
2058
2059
2060
2061
2062
2064
2067
2069
2070
2071
2072
2073
2074
2076
2079
2080
2083
2084
2085
2087
2088
2089
2090
2091
2092
2093
2095
2096
2099
2100
2101
2102
2103
2104
2105
2106
2107
2108
2110
2111
2112
2113
2114
2117
2118
2119
2120
2122
2123
2124
2125
2126
2127
2128
2129
2130
2131
2132
2133
2134
2137
2139
2140
2141
2142
2143
2144
2145
2146
2147
2148
2150
2152
2153
2154
2156
2159
2160
2161
2162
2164
2165
2166
2167
2168
2169
2170
2171
2172
2173
2176
2177
2178
2179
2181
2182
2183
2184
2185
2186
2187
2189
2191
2192
2194
2195
2196
2199
2200
2201
2202
2203
2204
2205
2206
2207
2208
2209
2210
2211
2212
2213
2214
2215
2217
2218
2219
2220
2222
2223
2226
2227
2228
2230
2231
2232
2233
2234
2235
2236
2237
2238
2239
2240
2241
2242
2243
2245
2586
2667
3627
3642
3803
3843
3855
3867
3910