300
301
302
303
304
305
306
307
310
311
313
317
318
319
320
321
322
325
327
329
330
331
333
335
336
337
338
339
340
341
348
349
350
352
356
357
361
363
364
365
366
370
371
372
374
375
376
377
379
380
381
382
383
384
386
387
390
391
395
396
399
402
403
405
406
407
408
410
411
413
416
418
420
425
426
427
428
429
432
433
436
442
443
444
445
446
449
450
451
452
457
458
459
461
462
467
474
476
478
479
481
483
484
485
486
487
488
491
493
494
495
497
499
501
507
508
510
511
512
514
515
516
517
523
525
527
530
532
534
535
537
539
540
544
545
547
548
549
551
553
554
556
557
559
560
561
562
563
564
566
569
571
572
573
574
577
579
580
581
582
583
584
585
589
591
592
593
594
598
599
600
601
604
607
608
609
616
617
619
620
987
1220
2602
2613
2614
2621
2630
2661
2668
2681
2702
2757
2770
2771
2780
2821
2889
3989
3995
4140
4152
4204
4232
4261
4736
4749
4760
4764
4772
4812
4853
4960
4973
4975