312
385
435
456
472
475
492
504
526
538
543
558
596
605
606
612
681
686
695
712
727
784
823
832
851
895
904
2734
4322
4356
4418
4465
4560
4623
4632
4650
4651
4652
4654
4655
4657
4658
4660
4661
4662
4663
4666
4667
4668
4669
4670
4671
4672
4673
4674
4675
4676
4677
4679
4680
4681
4683
4685
4687
4688
4689
4691
4692
4693
4694
4695
4696
4697
4698
4699
4700
4702
4703
4704
4705
4706
4707
4710
4711
4713
4714
4715
4716
4717
4722
4723
4724
4726
4727
4728
4730
4731
4735
4737
4738
4739
4741
4743
4744
4745
4746
4747
4748
4751
4753
4755
4756
4757
4758
4759
4761
4765
4766
4767
4768
4769
4770
4771
4773
4774
4775
4776
4777
4778
4781
4783
4785
4786
4787
4788
4789
4790
4791
4792
4794
4795
4796
4797
4798
4799
4800
4801
4802
4805
4806
4807
4808
4809
4810
4811
4814
4815
4816
4817
4818
4819
4820
4821
4822
4823
4825
4826
4827
4828
4829
4830
4831
4832
4833
4834
4835
4836
4837
4838
4840
4841
4842
4843
4844
4845
4846
4847
4848
4849
4850
4852
4854
4855
4856
4861
4862
4863
4864
4865
4867
4872
4875
4876
4877
4878
4879
4881
4882
4883
4884
4885
4886
4887
4888
4889
4890
4891
4893
4896
4898
4900
4901
4902
4903
4904
4905
4907
4908
4909
4910
4911
4912
4913
4916
4919
4921
4922
4923
4925
4928
4929
4930
4931
4932
4933
4937
4938
4939
4940
4941
4942
4943
4944
4945
4947
4948
4949
4950
4951
4952
4953
4954
4956
4957
4959
4962
4963
4964
4966
4967
4968
4969
4970
4971
4972
4974
4977
4978
4979
4981
4982
4983
4984
4985
4987
4990
4991
4992
4993
4994
4995
4996
4997
4999