621
622
624
627
628
629
630
631
632
633
634
636
637
638
639
640
641
642
643
644
645
646
647
648
649
650
652
653
654
655
656
657
658
659
660
661
662
663
664
665
666
667
668
669
671
672
673
674
675
676
678
679
680
682
683
684
685
687
688
689
690
691
692
694
696
697
698
699
700
701
702
704
705
706
707
708
709
710
711
713
714
715
716
717
718
719
720
721
722
723
724
725
726
728
729
730
731
732
733
734
735
737
738
739
740
741
742
743
744
745
748
749
750
751
752
753
754
755
756
758
759
760
761
762
763
764
765
766
767
768
769
770
771
772
773
774
775
776
777
778
779
781
782
786
787
788
789
791
792
793
794
795
796
797
798
800
801
802
804
805
806
807
808
809
810
811
812
814
815
816
818
819
820
821
822
824
825
826
827
828
829
831
833
834
835
836
837
838
840
841
842
843
844
847
849
850
852
853
854
855
856
858
859
860
861
863
864
865
866
867
868
869
870
871
872
873
874
875
876
877
878
880
881
882
883
884
885
888
889
890
891
892
893
894
896
897
898
899
900
901
902
903
905
906
907
908
909
910
911
912
913
914
915
916
917
918
919
921
922
923
924
925
926
927
928
929
930
931
932
933
935
936
2941
2980
3006
3040
3051
3056
3084
3096
3120
3123
3135
3156
3160
3183
3209
3214
4300
4301
4302
4303
4304
4305
4306
4307
4309
4310
4311
4312
4313
4314
4315
4316
4317
4318
4319
4320
4323
4324
4325
4327
4328
4329
4330
4331
4332
4333
4335
4337
4338
4339
4340
4341
4342
4343
4344
4346
4347
4348
4349
4350
4351
4352
4353
4355
4357
4358
4359
4361
4362
4363
4364
4365
4366
4367
4369
4370
4371
4372
4373
4374
4376
4378
4380
4381
4382
4384
4386
4387
4388
4389
4390
4391
4394
4395
4396
4397
4398
4401
4402
4403
4404
4405
4406
4407
4408
4409
4410
4412
4413
4414
4415
4419
4420
4421
4423
4424
4425
4426
4427
4428
4429
4430
4431
4432
4433
4434
4435
4436
4437
4439
4440
4441
4442
4443
4444
4445
4446
4447
4448
4449
4450
4451
4452
4453
4454
4455
4456
4457
4458
4459
4463
4466
4467
4468
4469
4470
4471
4473
4474
4475
4477
4478
4479
4481
4482
4483
4484
4485
4486
4488
4489
4490
4491
4494
4495
4496
4497
4498
4499
4500
4501
4502
4503
4504
4505
4506
4507
4508
4509
4510
4511
4512
4513
4514
4515
4516
4517
4518
4519
4521
4522
4523
4525
4526
4527
4528
4529
4530
4531
4533
4534
4536
4537
4539
4541
4542
4543
4544
4546
4547
4548
4549
4550
4551
4552
4553
4554
4556
4558
4559
4563
4564
4565
4566
4567
4568
4569
4570
4571
4572
4573
4574
4575
4576
4578
4579
4580
4581
4583
4584
4585
4586
4589
4590
4591
4592
4593
4595
4597
4599
4600
4601
4602
4603
4604
4605
4607
4609
4610
4611
4612
4613
4614
4615
4617
4619
4620
4621
4622
4624
4625
4626
4628
4629
4631
4633
4634
4635
4636
4639
4640
4641
4642
4644
4646
4647
4648
4649
4659
4684
4690
4708
4729
4734
4803
4804
4869
4870
4871
4873
4892
4895
4899
4915
4917
4918
4920
4924
4934
4936
4958
4980