323
397
448
2591
2595
2597
2599
2600
2605
2617
2618
2620
2626
2633
2634
2638
2641
2644
2645
2646
2649
2658
2663
2680
2684
2685
2687
2690
2694
2696
2698
2701
2704
2705
2706
2708
2711
2714
2716
2722
2723
2724
2725
2730
2737
2738
2741
2742
2743
2748
2749
2750
2755
2756
2758
2761
2764
2766
2767
2776
2778
2782
2787
2788
2789
2793
2795
2799
2801
2802
2803
2805
2806
2807
2810
2811
2815
2816
2824
2829
2831
2833
2835
2837
2841
2842
2844
2845
2846
2847
2852
2854
2857
2861
2867
2868
2870
2875
2876
2879
2880
2885
2887
2888
2892
2893
2896
2898
2899
2902
2908
2915
2916