621
622
624
628
629
631
633
634
636
637
640
641
642
644
645
646
647
648
649
654
657
658
661
663
664
665
666
667
668
671
674
676
678
680
682
684
685
687
689
691
694
697
698
700
701
705
709
710
711
714
715
716
717
718
719
724
725
729
731
733
734
737
739
740
741
744
745
750
751
753
754
755
756
758
759
760
763
764
765
767
768
769
770
771
773
774
775
776
777
781
787
788
792
796
798
800
801
802
804
805
808
812
814
815
816
819
820
821
822
824
825
828
829
831
833
834
835
836
842
844
847
850
853
854
855
859
861
863
865
867
868
869
871
873
874
876
877
882
885
889
891
893
896
900
902
903
906
907
908
910
911
912
913
915
916
918
922
923
924
925
926
927
929
930
931
932
2941
3006
3051
3056
3096
3120
4333
4366
4371
4397
4406
4572
4659
4729
4980