1263
1265
1266
1270
1271
1272
1280
1284
1286
1291
1294
1299
1302
1304
1305
1314
1315
1316
1317
1318
1320
1322
1323
1325
1329
1333
1337
1340
1342
1348
1351
1355
1356
1360
1362
1363
1367
1369
1370
1371
1388
1389
1390
1391
1392
1393
1397
1401
1403
1409
1410
1411
1416
1418
1435
1443
1444
1452
1454
1455
1461
1464
1473
1474
1479
1480
1484
1485
1486
1488
1489
1494
1495
1503
1504
1510
1514
1516
1523
1525
1526
1529
1530
1533
1538
1540
1549
1554
1557
1559
1562
1564
1565
1568
1569
1572
1576
1577
3779
3869
3907