50
73
91
94
100
106
118
158
175
271
297
1260
1261
1262
1263
1264
1265
1266
1267
1269
1270
1271
1272
1273
1274
1275
1276
1277
1278
1280
1281
1282
1283
1284
1285
1286
1288
1289
1290
1291
1292
1293
1294
1295
1297
1298
1299
1300
1301
1302
1303
1304
1305
1306
1307
1309
1310
1311
1312
1313
1314
1315
1316
1317
1318
1320
1321
1322
1323
1324
1325
1326
1327
1328
1329
1330
1332
1333
1334
1335
1336
1337
1338
1339
1340
1341
1342
1343
1344
1345
1346
1347
1348
1349
1350
1351
1352
1354
1355
1356
1357
1358
1360
1361
1362
1363
1364
1365
1367
1368
1369
1370
1371
1372
1373
1374
1375
1376
1377
1378
1379
1380
1381
1382
1383
1385
1386
1387
1388
1389
1390
1391
1392
1393
1395
1396
1397
1398
1400
1401
1402
1403
1404
1405
1406
1407
1408
1409
1410
1411
1412
1413
1414
1415
1416
1417
1418
1419
1421
1424
1425
1426
1427
1429
1430
1431
1432
1433
1434
1435
1436
1437
1438
1439
1441
1442
1443
1444
1445
1446
1448
1449
1450
1451
1452
1453
1454
1455
1456
1457
1458
1459
1460
1461
1462
1463
1464
1465
1466
1467
1468
1469
1470
1471
1472
1473
1474
1475
1476
1478
1479
1480
1481
1482
1483
1484
1485
1486
1487
1488
1489
1490
1493
1494
1495
1497
1498
1499
1500
1501
1502
1503
1504
1505
1506
1507
1509
1510
1511
1512
1514
1515
1516
1519
1520
1521
1523
1524
1525
1526
1527
1528
1529
1530
1531
1532
1533
1534
1535
1536
1537
1538
1539
1540
1541
1542
1544
1545
1547
1548
1549
1550
1551
1552
1553
1554
1555
1557
1559
1560
1561
1562
1563
1564
1565
1566
1567
1568
1569
1570
1571
1572
1573
1574
1575
1576
1577
1578
1579
1580
1581
2024
2032
2138
2149
2151
2216
2221
3254
3255
3256
3257
3258
3260
3261
3262
3264
3265
3266
3267
3268
3269
3270
3271
3272
3273
3274
3275
3276
3278
3279
3280
3281
3282
3283
3284
3285
3286
3287
3288
3289
3290
3291
3292
3293
3294
3295
3296
3297
3298
3299
3301
3302
3303
3304
3307
3308
3310
3311
3312
3313
3315
3316
3317
3318
3319
3320
3321
3322
3324
3325
3326
3328
3329
3330
3331
3332
3333
3334
3335
3336
3337
3338
3339
3341
3342
3343
3344
3345
3346
3347
3348
3349
3350
3352
3354
3355
3356
3357
3358
3359
3360
3361
3362
3363
3364
3366
3367
3368
3369
3370
3371
3372
3373
3374
3375
3376
3377
3378
3379
3380
3381
3382
3383
3384
3385
3386
3389
3390
3392
3393
3394
3395
3396
3397
3398
3400
3401
3402
3403
3404
3405
3406
3407
3408
3409
3410
3411
3412
3413
3414
3415
3416
3417
3418
3419
3420
3421
3422
3423
3424
3425
3426
3427
3428
3429
3430
3431
3432
3433
3434
3435
3436
3437
3440
3442
3443
3444
3445
3446
3447
3448
3449
3451
3452
3453
3454
3455
3456
3457
3458
3459
3460
3461
3462
3463
3464
3465
3466
3467
3468
3469
3470
3471
3472
3473
3474
3475
3476
3477
3479
3481
3483
3484
3485
3486
3488
3489
3490
3491
3492
3494
3495
3497
3498
3499
3501
3502
3503
3504
3505
3506
3507
3510
3511
3512
3513
3514
3515
3516
3518
3519
3520
3521
3522
3524
3525
3526
3529
3530
3531
3532
3533
3535
3536
3537
3538
3539
3540
3541
3542
3543
3544
3545
3546
3547
3548
3549
3550
3551
3553
3554
3555
3556
3557
3558
3559
3560
3561
3563
3564
3565
3567
3568
3569
3570
3571
3572
3573
3574
3575
3577
3578
3579
3580
3581
3582
3583
3584
3585
3586
3588
3589
3590
3591
3592
3593
3594
3595
3596
3597
3598
3599
3600
3601
3602
3603
3604
3605
3606
3607
3608
3609
3610
3611
3612
3613
3614
3615
3616
3617
3618
3619
3620
3621
3622
3623
3624
3625
3626
3628
3630
3631
3632
3633
3634
3635
3636
3637
3638
3640
3641
3644
3645
3646
3647
3648
3649
3651
3652
3653
3654
3655
3656
3657
3658
3659
3660
3661
3662
3663
3664
3665
3666
3667
3668
3669
3670
3671
3672
3673
3674
3675
3676
3677
3678
3679
3680
3681
3682
3683
3684
3685
3686
3687
3688
3689
3690
3692
3693
3694
3695
3696
3699
3700
3701
3702
3703
3704
3705
3707
3708
3709
3710
3711
3712
3713
3714
3715
3716
3717
3718
3719
3720
3721
3722
3723
3724
3725
3726
3727
3730
3732
3733
3735
3736
3737
3738
3739
3740
3741
3742
3743
3744
3745
3749
3750
3751
3752
3753
3754
3755
3756
3757
3758
3759
3760
3761
3762
3763
3764
3765
3766
3767
3768
3769
3770
3771
3772
3773
3774
3775
3776
3777
3778
3779
3780
3781
3782
3783
3784
3785
3786
3787
3788
3789
3790
3791
3792
3793
3794
3795
3796
3797
3798
3799
3800
3801
3802
3804
3806
3807
3808
3809
3810
3811
3814
3815
3816
3817
3818
3819
3821
3822
3823
3824
3826
3827
3828
3829
3830
3831
3833
3835
3836
3837
3838
3839
3841
3842
3844
3845
3846
3847
3849
3850
3851
3852
3853
3854
3857
3858
3859
3860
3861
3862
3863
3864
3865
3866
3868
3869
3870
3871
3873
3874
3875
3876
3877
3878
3880
3881
3882
3883
3884
3885
3886
3887
3888
3889
3890
3891
3892
3893
3894
3895
3896
3897
3898
3899
3900
3901
3902
3903
3904
3905
3906
3907
3908
3909
3911
3912
3913
3914
3915
3916
3917
3918
3919
3920
3921
3923
3924
3925
3926
3927
3929
3930
3931
3932
3933
3934
3938
3939
3940
3942
3943
3944
3946
3947
3948
3949