300
301
302
303
304
305
306
307
308
310
311
312
313
318
319
320
321
322
324
325
326
327
328
330
331
332
333
334
335
336
337
338
340
341
343
346
347
349
353
354
355
356
357
361
365
366
368
370
372
374
377
379
380
381
382
383
384
386
387
389
390
391
393
394
396
401
402
404
405
406
407
408
410
411
413
416
418
420
425
426
428
429
432
435
436
438
441
442
443
444
446
449
450
451
452
456
457
458
459
461
462
463
465
467
468
469
470
473
475
476
478
479
481
482
484
485
486
487
492
493
494
495
497
499
501
504
506
507
508
510
512
514
515
518
520
522
523
524
525
527
528
534
535
536
537
540
543
545
547
548
549
550
551
553
554
557
559
560
561
562
563
564
565
566
568
569
571
573
574
577
581
582
584
589
591
594
596
598
599
600
601
602
604
607
609
613
616
619
620
938
942
944
948
949
950
954
960
961
962
963
967
977
985
986
987
988
990
994
997
998
999
1001
1005
1006
1008
1013
1017
1025
1026
1027
1030
1036
1038
1039
1040
1042
1048
1050
1052
1054
1058
1062
1066
1070
1071
1072
1074
1076
1081
1085
1086
1088
1090
1093
1097
1098
1103
1113
1115
1120
1121
1123
1124
1127
1128
1129
1137
1143
1144
1147
1161
1166
1169
1170
1172
1175
1177
1180
1181
1188
1190
1192
1193
1194
1197
1200
1201
1207
1208
1219
1220
1223
1224
1225
1227
1228
1229
1232
1234
1236
1240
1246
1249
1253
1254
1257
2588
2614
2621
2653
2734
2780
2891
3995
4009
4023
4140
4232
4261
4664
4665
4669
4691
4692
4700
4720
4721
4725
4730
4732
4736
4740
4749
4751
4754
4755
4760
4764
4772
4779
4784
4793
4794
4796
4812
4824
4839
4851
4853
4860
4874
4880
4887
4927
4953
4960
4961
4971
4973
4975
4976
4978
4986
4989