74
104
111
169
182
198
226
228
241
253
262
268
276
279
314
351
496
1938
1992
2010
2017
2021
2049
2098
2116
2163
2180
2198
2225
2244
3327
3712
3812
3820
3828
3832
3834
3851
3856
3872
3879
3887
3922
3928
3936
3953
3957
3960
3965
3966
3968
3982
3985
3987
3992
3994
3997
4004
4028
4032
4034
4043
4045
4049
4066
4068
4074
4075
4086
4088
4101
4108
4124
4137
4138
4159
4170
4181
4183
4184
4185
4190
4192
4193
4194
4197
4206
4211
4213
4222
4223
4229
4240
4243
4244
4245
4247
4248
4254
4259
4270
4271
4277
4281
4283
4287
4288
4294
4297