14
15
20
23
52
56
57
60
77
81
93
121
125
161
230
249
294
296
315
316
360
369
388
400
409
412
415
419
423
439
440
453
455
460
464
471
480
489
498
500
502
513
576
587
588
590
595
610
611
615
618
940
943
947
958
959
965
966
970
993
1000
1002
1014
1016
1023
1024
1028
1029
1031
1032
1033
1035
1049
1055
1056
1057
1060
1061
1064
1068
1077
1083
1087
1094
1096
1099
1102
1104
1110
1112
1114
1122
1125
1130
1151
1154
1155
1158
1162
1165
1168
1173
1189
1191
1195
1199
1203
1205
1206
1213
1215
1217
1235
1239
1241
1244
1245
1252
1632
2078
2175
2596
2607
2628
2702
2797
2881
2894
2897
2914
3950
3951
3952
3954
3955
3956
3959
3961
3962
3963
3967
3969
3971
3972
3973
3974
3975
3977
3978
3979
3980
3981
3983
3986
3988
3990
3991
3996
3998
4000
4001
4002
4003
4006
4007
4010
4011
4013
4014
4015
4016
4017
4019
4020
4021
4024
4025
4026
4027
4029
4030
4031
4035
4036
4037
4038
4039
4040
4041
4042
4044
4046
4047
4050
4051
4053
4054
4057
4058
4059
4060
4061
4062
4063
4064
4065
4070
4071
4072
4073
4076
4077
4079
4081
4082
4083
4084
4085
4087
4089
4090
4091
4093
4094
4095
4096
4097
4098
4099
4100
4102
4103
4104
4105
4106
4107
4109
4111
4112
4113
4114
4115
4116
4117
4118
4119
4120
4121
4122
4123
4125
4126
4127
4128
4129
4130
4131
4132
4133
4134
4135
4139
4141
4143
4144
4145
4148
4149
4150
4151
4152
4153
4154
4156
4157
4158
4160
4161
4162
4163
4164
4165
4166
4168
4169
4171
4173
4175
4176
4177
4179
4180
4186
4187
4188
4189
4191
4195
4196
4199
4200
4201
4202
4203
4205
4207
4208
4209
4210
4212
4214
4215
4216
4217
4219
4220
4221
4225
4227
4228
4230
4234
4235
4236
4237
4238
4239
4242
4246
4249
4250
4252
4253
4255
4256
4257
4260
4263
4265
4267
4268
4272
4273
4274
4275
4276
4279
4280
4282
4284
4285
4286
4289
4290
4291
4292
4293
4295
4298
4299