309
317
329
339
342
344
348
350
352
359
363
364
367
371
373
375
376
378
392
395
398
399
403
414
417
427
430
433
434
437
445
447
454
474
483
488
490
491
503
505
511
516
517
530
531
532
539
541
544
556
567
570
572
578
579
580
583
585
586
592
593
603
608
614
617
2587
2592
2593
2602
2603
2611
2613
2619
2622
2625
2627
2630
2632
2639
2640
2650
2655
2659
2661
2665
2668
2669
2670
2671
2673
2677
2681
2683
2697
2699
2710
2728
2729
2731
2733
2745
2747
2751
2757
2760
2770
2775
2777
2784
2785
2790
2791
2804
2808
2814
2817
2819
2821
2823
2825
2838
2851
2853
2856
2859
2889
2905
2909
3989
4167
4204
4718
4868
4988