62
128
233
234
244
546
552
677
749
830
839
937
939
941
945
946
951
952
953
955
956
957
964
968
971
972
973
974
975
976
978
979
980
981
982
983
984
989
991
992
995
996
1003
1004
1007
1009
1010
1011
1012
1015
1018
1019
1020
1021
1022
1034
1037
1041
1043
1044
1045
1046
1047
1051
1053
1059
1063
1065
1067
1069
1073
1075
1078
1079
1080
1082
1084
1089
1091
1092
1095
1100
1101
1105
1106
1107
1108
1109
1111
1116
1117
1118
1119
1126
1131
1132
1133
1134
1135
1136
1138
1141
1142
1145
1146
1148
1149
1150
1153
1156
1157
1159
1160
1163
1164
1167
1171
1174
1176
1178
1182
1183
1184
1185
1186
1187
1198
1202
1204
1209
1210
1211
1212
1214
1216
1218
1221
1222
1226
1230
1231
1233
1237
1238
1242
1247
1248
1250
1251
1255
1256
1259
1592
1702
1720
1741
1796
1814
1826
1845
1894
1898
1899
4653
4656
4686
4701
4709
4719
4750
4780
4782
4858
4859
4897
4936