1260
1261
1263
1264
1265
1266
1267
1268
1269
1270
1271
1272
1273
1275
1277
1278
1279
1280
1281
1282
1283
1284
1285
1286
1287
1288
1290
1291
1292
1294
1295
1296
1298
1299
1300
1301
1302
1303
1304
1305
1306
1307
1308
1310
1312
1314
1315
1316
1317
1318
1319
1320
1321
1322
1323
1324
1325
1326
1327
1328
1329
1330
1331
1332
1333
1334
1335
1337
1338
1340
1342
1343
1344
1345
1346
1347
1348
1349
1351
1352
1354
1355
1356
1357
1359
1360
1361
1362
1363
1364
1365
1366
1367
1368
1369
1370
1371
1372
1374
1375
1377
1378
1379
1380
1382
1383
1384
1385
1386
1387
1388
1389
1390
1391
1392
1393
1394
1395
1396
1397
1400
1401
1402
1403
1404
1405
1408
1409
1410
1411
1412
1415
1416
1417
1418
1419
1420
1422
1423
1424
1425
1426
1427
1428
1429
1430
1431
1432
1435
1436
1438
1439
1440
1441
1443
1444
1445
1447
1448
1449
1451
1452
1453
1454
1455
1456
1457
1458
1459
1460
1461
1462
1464
1465
1468
1469
1471
1473
1474
1475
1476
1477
1478
1479
1480
1481
1482
1483
1484
1485
1486
1488
1489
1490
1491
1492
1493
1494
1495
1496
1497
1498
1499
1502
1503
1504
1505
1506
1508
1509
1510
1511
1512
1513
1514
1515
1516
1517
1518
1519
1520
1522
1523
1524
1525
1526
1529
1530
1531
1532
1533
1534
1535
1536
1537
1538
1539
1540
1541
1542
1543
1545
1546
1548
1549
1550
1552
1553
1554
1555
1557
1559
1560
1561
1562
1564
1565
1566
1567
1568
1569
1571
1572
1573
1574
1575
1576
1577
1578
1579
1580
1581
3262
3269
3276
3279
3282
3283
3291
3298
3313
3316
3324
3329
3333
3343
3348
3350
3358
3364
3377
3385
3386
3398
3405
3406
3409
3418
3426
3428
3437
3451
3472
3476
3477
3485
3487
3490
3492
3494
3498
3502
3504
3512
3515
3517
3518
3528
3530
3531
3539
3541
3543
3544
3555
3563
3567
3571
3572
3579
3582
3588
3596
3647
3668
3686
3691
3701
3714
3724
3735
3756
3778
3779
3794
3804
3821
3836
3837
3847
3852
3869
3898
3905
3907
3919
3949