623
625
627
643
651
670
673
675
692
730
736
747
752
757
772
780
781
783
785
790
795
797
799
803
809
838
840
845
846
856
857
864
879
880
886
890
898
920
934
969
1139
1140
1152
1179
1196
1243
1258
1582
1584
1587
1588
1590
1591
1593
1595
1598
1599
1602
1604
1605
1606
1607
1608
1609
1610
1611
1614
1615
1616
1617
1619
1620
1621
1622
1623
1624
1627
1628
1633
1634
1635
1637
1639
1640
1641
1642
1643
1644
1645
1646
1647
1648
1650
1651
1652
1654
1656
1657
1658
1660
1661
1663
1666
1667
1668
1670
1671
1674
1676
1677
1678
1680
1681
1682
1683
1684
1685
1686
1687
1689
1690
1691
1694
1698
1699
1707
1708
1709
1710
1712
1714
1716
1721
1722
1723
1724
1726
1729
1731
1732
1735
1737
1739
1740
1742
1745
1746
1749
1750
1751
1753
1755
1756
1760
1761
1762
1765
1766
1767
1769
1771
1772
1773
1774
1778
1779
1780
1781
1782
1783
1784
1786
1788
1790
1793
1801
1802
1804
1805
1806
1808
1811
1815
1816
1818
1819
1821
1823
1824
1829
1831
1833
1834
1837
1838
1840
1841
1842
1846
1847
1848
1850
1851
1853
1855
1856
1857
1858
1861
1862
1863
1864
1866
1867
1869
1870
1871
1872
1873
1878
1881
1883
1884
1885
1887
1888
1890
1891
1893
1900
1901
1902
1903
1906
1907
1908
2409
2412
2447
2917
2918
2919
2920
2921
2922
2923
2924
2925
2926
2927
2928
2929
2930
2931
2932
2933
2934
2935
2936
2937
2938
2939
2940
2942
2943
2944
2945
2946
2947
2948
2949
2950
2951
2952
2953
2954
2955
2956
2957
2958
2959
2960
2961
2962
2963
2964
2965
2966
2967
2968
2969
2970
2971
2972
2973
2974
2975
2976
2977
2978
2979
2980
2981
2982
2983
2984
2985
2986
2987
2988
2989
2990
2991
2992
2993
2994
2995
2996
2997
2998
2999
3000
3001
3002
3003
3004
3005
3007
3008
3009
3010
3011
3012
3013
3014
3015
3016
3017
3018
3019
3020
3021
3022
3023
3024
3025
3026
3027
3028
3029
3030
3031
3032
3033
3034
3035
3036
3037
3038
3039
3040
3041
3042
3043
3044
3045
3046
3047
3048
3049
3050
3052
3053
3054
3055
3057
3058
3059
3060
3061
3062
3063
3064
3065
3066
3067
3068
3069
3070
3071
3072
3073
3074
3075
3076
3077
3078
3079
3080
3081
3082
3083
3084
3085
3086
3087
3088
3089
3090
3091
3092
3093
3094
3095
3097
3098
3099
3100
3101
3102
3103
3104
3105
3106
3107
3108
3109
3110
3111
3112
3113
3114
3115
3116
3117
3118
3119
3121
3122
3123
3124
3125
3126
3127
3128
3129
3130
3131
3132
3133
3134
3135
3136
3137
3138
3139
3140
3141
3142
3143
3144
3145
3146
3147
3148
3149
3150
3151
3152
3153
3154
3155
3156
3157
3158
3159
3160
3161
3162
3163
3164
3165
3166
3167
3168
3169
3170
3171
3172
3173
3174
3175
3176
3177
3178
3179
3180
3181
3182
3184
3185
3186
3187
3188
3189
3190
3191
3192
3193
3194
3195
3196
3197
3198
3199
3200
3201
3202
3203
3204
3205
3206
3207
3208
3209
3210
3211
3212
3213
3214
3215
3216
3217
3218
3219
3220
3221
3222
3223
3224
3225
3226
3227
3228
3229
3230
3231
3232
3233
3234
3235
3236
3237
3238
3239
3240
3241
3242
3243
3244
3245
3246
3247
3248
3249
3250
3251
3252
3253