217
1583
1589
1594
1596
1597
1601
1603
1612
1613
1618
1626
1629
1636
1638
1649
1653
1655
1659
1662
1664
1669
1672
1673
1675
1688
1692
1693
1695
1697
1700
1701
1703
1705
1706
1713
1717
1718
1719
1727
1728
1730
1733
1734
1736
1738
1744
1747
1748
1752
1754
1757
1758
1759
1763
1764
1768
1770
1775
1777
1785
1787
1789
1791
1792
1794
1795
1797
1800
1807
1810
1812
1813
1817
1820
1822
1825
1827
1828
1830
1832
1835
1836
1849
1852
1865
1868
1874
1876
1877
1879
1880
1882
1889
1892
1896
1897
1905
1910
1911
2258
2266
2269
2271
2275
2294
2300
2301
2318
2321
2325
2326
2332
2360
2375
2387
2390
2400
2406
2408
2415
2417
2421
2441
2451
2460
2472
2481
2489
2509
2511
2536
2546
2563
2564
2566
2567