232
1262
1274
1276
1293
1297
1309
1311
1313
1336
1339
1341
1350
1358
1373
1376
1381
1399
1406
1407
1413
1421
1433
1434
1437
1442
1446
1450
1463
1466
1467
1472
1487
1500
1501
1507
1521
1527
1528
1544
1547
1558
1563
1570
3280
3351
3363
3366
3379
3408
3444
3478
3482
3495
3500
3506
3523
3554
3566
3584
3600
3601
3602
3603
3604
3605
3606
3607
3608
3609
3610
3611
3612
3613
3614
3615
3616
3617
3618
3619
3620
3621
3622
3623
3624
3625
3626
3628
3629
3630
3631
3632
3633
3634
3635
3636
3637
3638
3640
3641
3644
3645
3646
3648
3649
3650
3651
3653
3654
3655
3656
3657
3658
3659
3660
3661
3662
3663
3664
3666
3667
3669
3670
3671
3672
3673
3674
3675
3676
3677
3678
3679
3680
3681
3682
3684
3685
3687
3688
3689
3690
3692
3693
3694
3696
3697
3698
3699
3700
3702
3703
3704
3705
3706
3707
3708
3709
3710
3711
3713
3715
3716
3717
3718
3719
3720
3721
3722
3723
3725
3727
3728
3730
3732
3733
3734
3736
3737
3738
3739
3740
3741
3742
3743
3744
3745
3748
3749
3750
3751
3752
3753
3754
3755
3758
3759
3760
3761
3762
3763
3764
3765
3766
3767
3768
3769
3770
3771
3772
3774
3775
3776
3780
3781
3782
3784
3786
3787
3788
3789
3791
3793
3795
3796
3797
3798
3799
3800
3801
3802
3805
3806
3807
3808
3809
3810
3811
3813
3814
3815
3816
3817
3818
3819
3822
3823
3824
3825
3829
3830
3831
3833
3835
3838
3840
3841
3842
3844
3845
3846
3848
3849
3850
3853
3854
3858
3859
3860
3861
3862
3863
3864
3865
3866
3868
3870
3871
3873
3874
3875
3876
3877
3878
3880
3881
3882
3883
3884
3885
3886
3888
3889
3890
3891
3892
3893
3894
3895
3896
3897
3899
3900
3901
3902
3903
3904
3906
3908
3909
3911
3912
3913
3917
3918
3920
3921
3923
3924
3925
3926
3927
3929
3931
3932
3933
3934
3935
3938
3939
3942
3943
3944
3945
3946
3947
3948