210
214
215
216
217
218
220
221
222
223
224
225
226
228
229
230
234
235
236
237
238
239
240
241
242
243
244
245
246
247
248
249
250
251
252
253
254
255
256
257
258
260
261
263
264
265
266
267
268
269
272
273
274
275
276
277
278
279
282
285
286
288
289
290
291
292
293
296
297
298
299
300
301
302
303
304
305
306
307
308
309
310
314
315
316
317
318
319
320
321
322
323
324
325
348
352
372
374
375
376
377
378
379
380
381
382
383
384
385
386
387
416
417
418
419
420
421
422
423
424
425
426
427
428
433
434
435