698
1037
1124
1643
1645
1884
1993
2257
8363
9889
10011
10016
11468
12625
12679
13819
14335
14353
14626
14633
15235
15429
15446
15739
15788
15853
16109
16137
16961
17510
18663
18901
18914
19088
19631
19844
20119
20399
20501
20538
20935
21249
21796
23737
24988
25005
25074
39273
41963
43654
43666
44953
44954
45219
46160
52456
54576
54736
54812
54827
55054
55811
56687
56742
56791
58011
58015
59583
59585
64016
64169
79743
86715
86757
86895
86897
87442
87566
87587
87920
87956
89516
89593
89847
89902
89905
90651
91077
93478
96264
96892
96987
97151
97311
97404
97433
97857
97921
97924
98005
98040
98314
98365
98635
98636
98648
98650
98662
98672
101288
101294
101565
102896
102956
103133
103444
103523
103938
104092
104097
104341
105742
105755
106913
106926
107496
108107
108200
108253
108728
108923
109169
110238
111709
112915
112918
115396
117317
117464
119062
119063
119070
126442
131752
131914
131916
132045
132095
132106
132112
134776
135338
135477
135536
136777
137176
138442
138870
139428
140318
140572
140904
142692
142784
145138
146356
146839
147011
147284
147479
147662
148151
148606
148950
148987
149488
149529
150220
150473
151239
151308
153391
153656
153684
160289
163539
163591
164021
164121
164927
165031
165630
165844
165851
165917
166074
166156
166157
166190
166300
166465
169065
169066
169675
169684
169821
170103
171726
171885
172737
172928
173039
173417
174357
174933
175014
175613
175924
176314
177762
182818
183022
184945
185421
188053
190737
191824
192718
194792