1478
1673
1971
9999
10047
10110
10131
11659
12717
13025
13054
14263
14284
14707
15760
16596
17022
17065
17439
17486
17841
17974
18804
19408
19486
19490
19829
20115
20520
20687
20820
24990
25037
37905
39016
39571
39579
40052
40313
40981
41952
41989
42014
42016
42020
42770
44993
45241
45759
45853
46120
46374
46801
46830
47875
49172
49188
51575
52475
53039
54545
54578
54602
54735
54900
54971
55018
55022
55205
55216
55270
55721
55723
55767
55789
56620
56642
56692
56749
56754
56778
57256
57264
57271
57613
57852
58323
58366
58377
63216
64027
64035
64362
64380
64724
70764
74113
79746
83740
86752
86805
86812
86841
86861
87012
87029
87183
87268
87387
87611
87808
88024
88036
89426
89427
89641
89691
89801
89863
89947
89965
89967
90048
90403
90650
91797
93461
93839
93934
94163
96942
96981
97062
97153
97185
97301
97674
98098
98251
98403
98661
98715
98717
99593
99985
100016
100524
100533
100605
100608
100609
100785
101049
101205
101246
101453
102147
102210
102564
102566
102979
103194
103195
103644
103730
103931
104033
104684
104794
104823
104903
105266
105479
105671
105676
105678
105724
105730
105736
105819
105998
106018
106049
106052
106528
106920
107153
107265
107290
107727
107751
108202
108213
108922
109133
110075
110427
110488
110763
110880
110969
111206
111229
111230
111232
111474
111485
111979
111990
112570
113227
113281
113289
117082
117091
117204
117215
117281
117397
117480
118612
120102
122477
124498
125093
125095
130676
131892
132093
132115
132142
132192
132334
132442
132588
132630
133057
135454
136772
137256
137284
138181
138449
138457
138706
138745
139008
139788
140048
140305
140810
141468
141549
142157
142161
143191
145391
146482
146485
146527
146598
146767
146775
146798
146799
146833
146849
146995
147299
147325
147332
147459
147604
147634
147638
147979
148075
148814
149128
149131
149385
149487
149724
150333
151240
152435
152436
153361
153778
154587
155702
156979
157026
159113
160039
160046
162048
162625
163574
164368
164953
164984
165030
165980
166082
166101
166164
166187
166298
166302
166955
167918
168568
169068
169722
169956
169977
170158
172355
173036
173523
174245
174995
175787
176010
176312
176403
176860
177451
178519
178956
178983
179014
179025
179217
179357
179889
183623
184286
185958
186605
186771
186943
186979
187084
187099
187177
188060
188078
189216
194490