1050
1094
11551
14841
15058
15208
15353
15918
16140
16592
18353
18664
18769
19224
19644
19845
20366
20506
21231
21808
39206
39563
43640
43647
43650
43659
43662
44958
45231
45742
46034
46143
46472
46533
47972
48610
49140
53269
55220
56400
56434
58399
58443
59798
61924
62999
63219
65731
70957
86657
86858
86881
86887
86961
87358
87394
87547
87561
87890
88062
90378
91101
91455
93894
94414
97002
97466
97936
97944
97951
98193
98463
99804
100591
100647
100961
101122
101442
101797
101917
102252
102508
102556
102639
102752
102927
103196
103491
103848
103853
104258
104283
105044
105624
106147
107207
107331
107421
107745
107822
108249
109090
109517
109520
109531
109870
110434
110573
111661
111851
111893
111899
112784
112875
113235
113947
116453
117122
117369
123359
130618
130952
131590
131719
131920
132285
132422
132450
133115
136224
137247
138752
138869
139207
139378
139512
139620
139704
140285
141561
142719
142769
145288
147072
147374
149742
150342
150394
150462
152416
152829
153057
158177
160469
163541
163600
163726
165863
165988
166442
167887
168956
169953
170215
171576
172435
173578
176024
178981
181224
182729
183870
184484
190060
193259
195491