97
122
475
626
845
899
912
1041
1068
1072
1107
1201
1219
1316
1338
1416
1491
1521
1523
1542
1675
1681
1741
1747
1943
1948
1974
1977
1979
2035
2224
2341
2368
2438
2462
2493
2570
2619
2651
2713
2715
2860
2932
2992
3326
3499
4229
4494
5121
5686
5712
6758
7135
8110
8129
8982
9156
9270
9292
9294
9571
9767
10357
10733
11280
11330
12090
12310
12389
12593
12756
12864
13356
13877
14495
14900
14932
15369
16210
16254
16458
16758
17444
18011
18156
18500
19643
20587
22326
22608
23327
24266
25891
26385
27901
31601
32169
32197
32204
32303
32675
32816
32983
32991
33015
33053
33072
33168
33195
33256
33330
33345
33369
33491
33563
33709
33776
34156
34281
34299
35142
35916
36021
37998
38356
38414
41189
41528
41578
41627
41669
41931
41936
41938
42709
42727
43110
43488
43729
44082
44105
44357
44428
44459
44487
45901
47565
48082
48390
48970
49303
49477
49500
50594
50596
50597
50603
55961
58029
58033
58852
58868
59042
59230
62495
62958
63265
64871
65039
65237
65579
65825
66225
66611
66786
67358
67958
68725
68736
68740
69298
69619
72859
73282
73578
73964
74851
77598
77877
77989
80754
80757
82960
82964
82967
82974
82984
83256
83353
85068
85204
85445
85661
88210
88298
90617
93430
99749
102327
103024
103268
105955
105985
107216
108821
113471
116313
117793
118788
120929
121225
123941
124400
125027
125907
125908
129643
130402
136389
137697
137965
137976
142146
143771
151402
152899
154057
154300
155972
156413
156586
159909
163105
170659
172532
177243
180925
191023
194780