0
1
2
3
4
5
6
7
9
11
12
13
14
15
16
18
19
20
22
23
24
25
26
27
28
29
30
31
32
33
34
35
36
37
38
39
40
41
42
43
44
45
46
48
51
52
53
54
55
56
57
58
59
60
61
63
64
65
66
67
68
69
70
71
72
74
76
77
78
79
80
81
82
83
84
85
87
88
89
90
92
93
95
96
97
98
99
101
102
103
104
105
107
108
109
110
111
112
113
114
115
116
117
119
120
121
122
123
124
125
126
127
129
130
131
132
133
134
135
136
137
138
139
140
141
142
143
144
145
146
147
149
150
151
152
154
156
157
159
160
161
162
163
164
165
166
167
168
169
170
171
172
173
174
176
177
178
180
181
182
183
184
185
186
188
189
190
192
193
194
195
196
197
198
199
200
201
202
203
204
205
206
207
208
209
210
211
212
213
214
215
216
218
219
220
221
222
223
224
225
226
227
228
229
230
231
232
233
236
238
239
240
241
242
243
247
248
250
251
252
253
254
255
256
257
258
259
260
261
262
263
265
266
268
269
270
272
273
274
275
276
277
278
279
280
281
282
283
284
285
286
287
288
289
290
291
292
293
294
295
296
298
299
300
301
302
303
304
305
306
307
308
309
310
311
313
314
315
316
317
318
319
320
321
322
323
324
325
326
327
328
329
330
331
332
333
334
335
336
337
338
339
340
341
343
345
346
347
348
349
350
351
352
353
354
355
356
357
358
360
361
362
363
364
365
366
368
369
370
371
372
374
375
376
377
379
380
381
382
383
384
386
387
388
389
390
391
393
394
395
396
397
398
399
400
401
402
403
405
406
407
408
409
410
411
412
413
415
416
418
419
420
421
422
423
424
425
426
427
428
429
431
432
433
434
436
438
439
440
442
443
444
445
446
448
449
450
451
452
453
455
457
458
459
460
461
462
463
464
465
466
467
468
470
471
473
474
476
477
478
479
480
481
482
483
484
485
486
487
488
489
491
493
494
495
496
497
498
499
500
501
502
503
506
507
508
509
510
512
513
514
515
516
517
518
519
520
521
522
523
524
525
527
528
530
531
532
533
534
535
536
537
539
540
544
545
546
547
548
549
550
551
552
553
554
555
556
557
559
560
561
562
563
564
565
566
568
569
571
572
573
574
575
576
577
579
581
582
583
584
585
587
588
589
590
591
592
593
594
595
596
598
599
600
601
602
603
604
607
609
610
611
613
615
616
617
618
619
620
830
937
938
939
940
941
942
943
944
945
946
947
948
949
950
951
952
953
954
955
956
957
958
959
960
961
962
963
964
965
966
967
968
970
971
972
973
974
975
976
977
978
979
980
981
982
983
984
985
986
987
988
989
990
991
992
993
994
995
996
997
998
999
1000
1001
1002
1003
1004
1005
1006
1007
1008
1009
1010
1011
1012
1013
1014
1015
1016
1017
1018
1019
1020
1021
1022
1023
1024
1025
1026
1027
1028
1029
1030
1031
1032
1033
1034
1035
1036
1037
1038
1039
1040
1042
1043
1044
1045
1046
1047
1048
1049
1050
1051
1052
1053
1054
1055
1056
1057
1058
1059
1060
1061
1062
1063
1064
1065
1066
1067
1068
1069
1070
1071
1072
1073
1074
1075
1076
1077
1078
1079
1080
1081
1082
1083
1084
1085
1086
1087
1088
1089
1090
1091
1092
1093
1094
1095
1096
1097
1098
1099
1100
1102
1103
1104
1105
1106
1107
1108
1109
1110
1111
1112
1113
1114
1115
1116
1117
1118
1119
1120
1121
1122
1123
1124
1125
1126
1127
1128
1129
1130
1131
1132
1133
1134
1135
1136
1137
1138
1141
1142
1143
1144
1145
1146
1147
1148
1149
1150
1151
1153
1154
1155
1156
1157
1158
1159
1160
1161
1162
1163
1165
1166
1167
1168
1169
1170
1171
1172
1173
1175
1176
1177
1178
1180
1181
1183
1184
1185
1186
1187
1188
1189
1190
1191
1192
1193
1194
1195
1197
1198
1199
1200
1201
1202
1203
1204
1205
1206
1207
1208
1209
1210
1211
1212
1213
1214
1215
1216
1217
1218
1219
1220
1221
1222
1223
1224
1225
1226
1227
1228
1229
1230
1231
1232
1233
1234
1235
1236
1237
1238
1239
1240
1241
1242
1244
1245
1246
1247
1248
1249
1250
1251
1252
1253
1254
1255
1256
1257
1258
1259
1585
1586
1592
1600
1630
1631
1679
1702
1715
1720
1725
1742
1743
1798
1799
1803
1809
1826
1843
1859
1860
1875
1886
1894
1895
1898
1904
2017
2078
2097
2175
2351
2583
2588
2589
2590
2591
2592
2593
2595
2596
2597
2599
2600
2601
2602
2603
2605
2606
2607
2611
2613
2614
2615
2616
2617
2618
2620
2621
2622
2624
2626
2627
2628
2630
2631
2632
2633
2634
2636
2637
2638
2639
2640
2641
2642
2643
2644
2645
2646
2647
2649
2651
2652
2653
2656
2658
2659
2660
2661
2662
2663
2664
2665
2666
2668
2669
2671
2672
2673
2675
2676
2678
2679
2680
2681
2682
2683
2684
2685
2686
2687
2689
2690
2691
2692
2694
2695
2696
2698
2699
2700
2701
2702
2703
2704
2705
2706
2707
2708
2709
2710
2711
2713
2714
2716
2717
2718
2719
2720
2721
2722
2723
2724
2725
2726
2727
2728
2730
2731
2732
2733
2736
2737
2738
2739
2741
2742
2743
2746
2747
2748
2749
2750
2751
2753
2755
2756
2757
2758
2759
2760
2761
2764
2765
2766
2767
2769
2770
2771
2772
2775
2776
2778
2779
2780
2781
2782
2784
2785
2786
2787
2788
2789
2791
2793
2795
2797
2798
2799
2800
2801
2802
2803
2805
2806
2807
2808
2809
2810
2811
2812
2813
2815
2816
2819
2821
2824
2825
2827
2828
2829
2830
2831
2833
2835
2837
2839
2840
2841
2842
2844
2845
2846
2847
2849
2851
2852
2853
2854
2855
2856
2857
2858
2859
2860
2861
2865
2866
2867
2868
2869
2870
2871
2872
2873
2874
2875
2876
2877
2879
2880
2881
2882
2883
2885
2886
2887
2888
2889
2890
2891
2892
2893
2894
2896
2897
2898
2899
2900
2901
2902
2903
2904
2906
2908
2910
2911
2912
2913
2914
2915
2916
3277
3306
3365
3387
3388
3438
3439
3441
3482
3493
3527
3552
3562
3566
3950
3951
3952
3953
3954
3955
3956
3957
3958
3959
3960
3961
3962
3963
3964
3965
3966
3967
3968
3969
3970
3971
3972
3973
3974
3975
3976
3977
3978
3979
3980
3981
3982
3983
3984
3985
3986
3987
3988
3989
3990
3991
3992
3993
3994
3995
3996
3997
3998
3999
4000
4001
4002
4003
4004
4005
4006
4007
4008
4009
4010
4011
4012
4013
4014
4015
4016
4017
4018
4019
4020
4021
4022
4023
4024
4025
4026
4027
4028
4029
4030
4031
4032
4033
4034
4035
4036
4037
4038
4039
4040
4041
4042
4043
4044
4045
4046
4047
4048
4049
4050
4051
4052
4053
4054
4055
4056
4057
4058
4059
4060
4061
4062
4063
4065
4066
4067
4068
4069
4070
4071
4072
4073
4074
4075
4076
4077
4078
4079
4080
4081
4082
4083
4084
4085
4086
4087
4088
4089
4090
4091
4092
4093
4094
4095
4096
4097
4098
4099
4100
4101
4102
4103
4104
4105
4106
4107
4108
4109
4110
4111
4112
4113
4114
4115
4116
4117
4118
4119
4120
4121
4122
4123
4124
4125
4126
4127
4128
4129
4130
4131
4132
4133
4134
4135
4136
4137
4138
4139
4140
4141
4142
4143
4144
4145
4146
4147
4148
4149
4150
4151
4152
4153
4154
4155
4156
4157
4158
4159
4160
4161
4162
4163
4164
4165
4166
4167
4168
4169
4170
4171
4172
4173
4174
4175
4176
4177
4178
4179
4180
4181
4182
4183
4184
4185
4186
4187
4188
4189
4190
4191
4192
4193
4194
4195
4196
4197
4198
4199
4200
4201
4202
4203
4204
4205
4206
4207
4208
4209
4210
4211
4212
4213
4214
4215
4216
4217
4218
4219
4220
4221
4222
4223
4224
4225
4226
4227
4228
4229
4230
4231
4232
4233
4234
4235
4236
4237
4238
4239
4240
4241
4242
4243
4244
4245
4246
4247
4248
4249
4250
4251
4252
4253
4254
4255
4256
4257
4258
4259
4260
4261
4262
4263
4264
4265
4266
4267
4268
4269
4270
4271
4272
4273
4274
4275
4276
4277
4278
4279
4280
4281
4282
4283
4284
4285
4286
4287
4288
4289
4290
4291
4292
4293
4294
4295
4296
4297
4298
4299
4653
4656
4665
4686
4701
4709
4720
4721
4725
4730
4732
4736
4740
4749
4754
4760
4764
4772
4778
4780
4782
4793
4812
4824
4853
4858
4874
4880
4897
4906
4946
4960
4973
4975
4976