621
622
623
624
625
627
628
629
630
631
632
633
634
636
637
638
639
640
641
642
643
644
645
646
647
648
649
650
652
653
654
655
656
657
658
659
660
661
662
663
664
665
666
667
668
669
671
672
673
674
675
676
678
679
680
682
683
684
685
687
688
689
690
691
692
694
696
697
698
699
700
701
702
704
705
706
707
708
709
710
711
713
714
715
716
717
718
719
720
721
722
723
724
725
726
728
729
730
731
732
733
734
735
736
737
738
739
740
741
742
743
744
745
747
748
749
750
751
752
753
754
755
756
758
759
760
761
762
763
764
765
766
767
768
769
770
771
772
773
774
775
776
777
778
779
780
781
782
783
786
787
788
789
790
791
792
793
794
795
796
797
798
799
800
801
802
804
805
806
807
808
809
810
811
812
814
815
816
818
819
820
821
822
824
825
826
827
828
829
831
833
834
835
836
837
838
839
840
841
842
843
844
845
847
849
850
852
853
854
855
856
857
858
859
860
861
863
864
865
866
867
868
869
870
871
872
873
874
875
876
877
878
879
880
881
882
883
884
885
888
889
890
891
892
893
894
896
897
898
899
900
901
902
903
905
906
907
908
909
910
911
912
913
914
915
916
917
918
919
920
921
922
923
924
925
926
927
928
929
930
931
932
934
935
936
969
1041
1101
1139
1140
1152
1164
1174
1179
1182
1196
1243
1582
1583
1584
1587
1589
1590
1591
1594
1595
1596
1597
1599
1601
1602
1603
1604
1605
1606
1607
1608
1609
1610
1611
1612
1613
1614
1615
1616
1617
1618
1619
1620
1621
1622
1623
1624
1626
1627
1628
1629
1633
1635
1636
1637
1638
1639
1640
1641
1642
1643
1644
1645
1646
1647
1648
1649
1650
1651
1652
1653
1654
1655
1656
1657
1658
1659
1660
1661
1662
1663
1664
1665
1666
1667
1668
1669
1671
1672
1673
1674
1675
1676
1677
1678
1680
1681
1682
1683
1684
1685
1686
1687
1688
1689
1690
1691
1693
1694
1695
1696
1697
1698
1699
1700
1701
1704
1705
1706
1707
1708
1709
1710
1712
1713
1714
1716
1717
1719
1721
1722
1723
1724
1726
1727
1728
1729
1730
1731
1732
1733
1734
1735
1736
1737
1738
1739
1740
1744
1746
1747
1748
1749
1750
1751
1752
1753
1754
1755
1756
1757
1758
1759
1760
1761
1762
1763
1764
1765
1766
1768
1769
1770
1771
1774
1775
1776
1778
1779
1780
1781
1782
1783
1784
1785
1786
1787
1788
1789
1790
1791
1792
1794
1795
1797
1800
1801
1802
1804
1805
1806
1807
1808
1810
1811
1812
1813
1815
1816
1817
1818
1819
1820
1821
1822
1823
1824
1825
1827
1828
1829
1830
1831
1832
1833
1834
1835
1836
1837
1840
1841
1842
1844
1846
1847
1848
1849
1850
1851
1852
1853
1854
1855
1856
1857
1858
1861
1862
1863
1864
1865
1866
1867
1868
1869
1870
1871
1872
1873
1874
1876
1877
1878
1879
1880
1881
1882
1883
1884
1885
1887
1888
1889
1890
1891
1892
1893
1896
1897
1900
1901
1902
1903
1905
1906
1907
1908
1909
1911
1912
2246
2247
2248
2249
2250
2251
2252
2253
2254
2255
2256
2257
2258
2262
2265
2266
2267
2268
2270
2271
2272
2273
2274
2276
2277
2278
2279
2280
2281
2282
2283
2285
2286
2287
2288
2289
2290
2292
2293
2294
2295
2296
2297
2299
2300
2301
2303
2304
2305
2306
2307
2309
2310
2311
2312
2313
2314
2315
2316
2318
2319
2320
2321
2322
2323
2324
2325
2326
2327
2329
2330
2331
2332
2333
2334
2335
2336
2337
2338
2339
2340
2342
2344
2346
2347
2349
2350
2353
2354
2355
2356
2357
2358
2359
2360
2361
2362
2363
2366
2367
2368
2369
2371
2372
2373
2374
2376
2377
2378
2379
2380
2381
2382
2383
2384
2385
2386
2387
2388
2389
2390
2392
2393
2394
2395
2396
2397
2398
2399
2400
2401
2402
2404
2405
2406
2409
2410
2411
2413
2414
2415
2416
2417
2418
2419
2420
2421
2423
2424
2425
2426
2427
2428
2429
2430
2431
2432
2434
2435
2436
2437
2438
2439
2441
2442
2443
2444
2445
2446
2447
2448
2449
2450
2451
2452
2453
2454
2455
2456
2457
2458
2459
2460
2461
2462
2463
2465
2466
2467
2468
2470
2471
2472
2473
2474
2475
2476
2477
2478
2479
2480
2481
2483
2484
2486
2487
2488
2489
2490
2493
2495
2496
2497
2498
2500
2501
2503
2505
2509
2510
2513
2514
2515
2516
2517
2518
2519
2520
2521
2522
2523
2524
2525
2526
2528
2529
2530
2531
2532
2533
2536
2537
2538
2539
2540
2541
2542
2544
2545
2546
2547
2548
2549
2550
2551
2553
2554
2555
2556
2557
2558
2559
2560
2561
2562
2563
2564
2565
2566
2568
2569
2570
2571
2573
2575
2576
2577
2578
2579
2581
2582
2917
2918
2919
2920
2921
2922
2923
2924
2925
2926
2927
2928
2929
2930
2931
2932
2933
2934
2935
2936
2937
2938
2939
2940
2941
2942
2943
2944
2945
2946
2947
2948
2949
2950
2951
2952
2953
2954
2955
2956
2957
2958
2959
2960
2961
2962
2963
2964
2965
2966
2967
2968
2969
2970
2971
2972
2973
2974
2975
2976
2977
2978
2979
2980
2981
2982
2983
2984
2985
2986
2987
2988
2989
2990
2991
2992
2993
2994
2995
2996
2997
2998
2999
3000
3001
3002
3003
3004
3005
3006
3007
3008
3009
3010
3011
3012
3013
3014
3015
3016
3017
3018
3019
3020
3021
3022
3023
3024
3025
3026
3027
3028
3029
3030
3031
3032
3033
3034
3035
3036
3037
3038
3039
3040
3041
3042
3043
3044
3045
3046
3047
3048
3049
3050
3051
3052
3053
3054
3055
3056
3057
3058
3059
3060
3061
3062
3063
3064
3065
3066
3067
3068
3069
3070
3071
3072
3073
3074
3075
3076
3077
3078
3079
3080
3081
3082
3083
3084
3085
3086
3087
3088
3089
3090
3091
3092
3093
3094
3095
3096
3097
3098
3099
3100
3101
3102
3103
3104
3105
3106
3107
3108
3109
3110
3111
3112
3113
3114
3115
3116
3117
3118
3119
3120
3121
3122
3123
3124
3125
3126
3127
3128
3129
3130
3131
3132
3133
3134
3135
3136
3137
3138
3139
3140
3141
3142
3143
3144
3145
3146
3147
3148
3149
3150
3151
3152
3153
3154
3155
3156
3157
3158
3159
3160
3161
3162
3163
3164
3165
3166
3167
3168
3169
3170
3171
3172
3173
3174
3175
3176
3177
3178
3179
3180
3181
3182
3183
3184
3185
3186
3187
3188
3189
3190
3191
3192
3193
3194
3195
3196
3197
3198
3199
3200
3201
3202
3203
3204
3205
3206
3207
3208
3209
3210
3211
3212
3213
3214
3215
3216
3217
3218
3219
3220
3221
3222
3223
3224
3225
3226
3227
3228
3229
3230
3231
3232
3233
3234
3235
3236
3237
3238
3239
3240
3241
3242
3243
3244
3245
3246
3247
3248
3249
3250
3251
3252
3253
4300
4301
4302
4303
4304
4305
4306
4307
4309
4310
4311
4312
4313
4314
4315
4316
4317
4318
4319
4320
4323
4324
4325
4327
4328
4329
4330
4331
4332
4333
4335
4337
4338
4339
4340
4341
4342
4343
4344
4346
4347
4348
4349
4350
4351
4352
4353
4355
4357
4358
4359
4361
4362
4363
4364
4365
4366
4367
4369
4370
4371
4372
4373
4374
4376
4378
4380
4381
4382
4384
4386
4387
4388
4389
4390
4391
4392
4394
4395
4396
4397
4398
4401
4402
4403
4404
4405
4406
4407
4408
4409
4410
4411
4412
4413
4414
4415
4419
4420
4421
4423
4424
4425
4426
4427
4428
4429
4430
4431
4432
4433
4434
4435
4436
4437
4439
4440
4441
4442
4443
4444
4445
4446
4447
4448
4449
4450
4451
4452
4453
4454
4455
4456
4457
4458
4459
4462
4463
4466
4467
4468
4469
4470
4471
4472
4473
4474
4475
4477
4478
4479
4481
4482
4483
4484
4485
4486
4487
4488
4489
4490
4491
4494
4495
4496
4497
4498
4499
4500
4501
4502
4503
4504
4505
4506
4507
4508
4509
4510
4511
4512
4513
4514
4515
4516
4517
4518
4519
4521
4522
4523
4525
4526
4527
4528
4529
4530
4531
4533
4534
4536
4537
4538
4539
4541
4542
4543
4544
4545
4546
4547
4548
4549
4550
4551
4552
4553
4554
4556
4558
4559
4563
4564
4565
4566
4567
4568
4569
4570
4571
4572
4573
4574
4575
4576
4578
4579
4580
4581
4583
4584
4585
4586
4589
4590
4591
4592
4593
4595
4597
4598
4599
4600
4601
4602
4603
4604
4605
4607
4609
4610
4611
4612
4613
4614
4615
4617
4618
4619
4620
4621
4622
4624
4625
4626
4628
4629
4631
4633
4634
4635
4636
4639
4640
4641
4642
4643
4644
4646
4647
4648
4649
4659
4684
4690
4719
4729
4734
4803
4804
4869
4870
4871
4873
4892
4895
4899
4917
4918
4920
4924
4934
4936
4958
4980