1
6
7
9
12
13
19
22
24
25
27
28
29
30
32
33
34
36
37
38
42
43
44
45
48
51
53
55
59
61
63
65
66
67
68
69
71
79
82
83
84
85
87
88
89
90
92
96
97
98
99
101
102
103
105
110
112
113
114
116
117
119
120
124
127
129
130
133
135
137
138
139
142
144
147
150
151
152
154
156
157
159
160
162
164
165
166
167
170
171
172
173
174
176
177
180
181
184
186
188
189
190
192
193
194
196
197
199
200
201
202
203
204
206
207
208
209
210
211
212
215
216
219
223
224
227
229
231
238
239
240
242
243
247
248
250
254
255
259
261
265
269
270
272
274
275
277
280
281
282
284
285
286
287
289
290
291
293
295
1679
1725
1859
3387
3388
3441
3527
3562
4022
4052
4069
4078
4136
4142
4174
4178
4198
4258
4296