300
301
302
303
305
307
318
319
320
321
322
324
325
327
330
331
333
335
336
337
338
340
341
349
353
356
357
361
365
366
368
370
374
377
379
380
381
382
383
386
387
390
391
393
396
402
405
406
407
408
410
411
413
416
418
420
425
426
428
429
432
436
443
444
446
449
450
451
452
457
458
459
461
462
467
468
476
479
481
484
485
486
487
494
495
497
499
508
510
512
514
515
520
523
527
532
534
535
536
537
540
545
547
549
551
553
554
557
559
560
561
562
563
564
569
571
573
574
581
582
589
591
594
598
599
600
601
604
607
609
620
987
1220
2653
2780
3995
4140
4232
4261
4720
4749
4760
4772