323
397
448
2591
2592
2593
2595
2597
2599
2600
2605
2615
2617
2618
2620
2624
2626
2627
2631
2633
2634
2638
2640
2641
2644
2645
2646
2647
2649
2658
2663
2664
2665
2666
2669
2671
2672
2676
2679
2680
2684
2685
2687
2690
2691
2694
2695
2696
2698
2699
2701
2703
2704
2705
2706
2707
2708
2710
2711
2714
2716
2719
2721
2722
2723
2724
2725
2726
2730
2733
2737
2738
2741
2742
2743
2746
2747
2748
2749
2750
2753
2755
2756
2758
2761
2764
2766
2767
2776
2778
2781
2782
2787
2788
2789
2793
2795
2799
2801
2802
2803
2805
2806
2807
2808
2809
2810
2811
2812
2815
2816
2819
2824
2828
2829
2831
2833
2835
2837
2841
2842
2844
2845
2846
2847
2852
2854
2857
2858
2861
2866
2867
2868
2870
2871
2873
2875
2876
2877
2879
2880
2882
2885
2886
2887
2888
2890
2892
2893
2896
2898
2899
2901
2902
2903
2908
2910
2913
2915
2916