1263
1264
1265
1266
1269
1270
1271
1272
1275
1277
1278
1280
1284
1286
1288
1290
1291
1294
1295
1299
1302
1303
1304
1305
1314
1315
1316
1317
1318
1320
1322
1323
1325
1329
1332
1333
1337
1340
1342
1344
1347
1348
1351
1354
1355
1356
1360
1361
1362
1363
1367
1369
1370
1371
1374
1388
1389
1390
1391
1392
1393
1397
1401
1402
1403
1409
1410
1411
1416
1417
1418
1424
1429
1432
1435
1438
1439
1443
1444
1452
1453
1454
1455
1458
1461
1464
1469
1473
1474
1479
1480
1481
1482
1484
1485
1486
1488
1489
1490
1494
1495
1497
1503
1504
1510
1512
1514
1515
1516
1520
1523
1525
1526
1529
1530
1533
1535
1536
1538
1539
1540
1549
1553
1554
1555
1557
1559
1562
1564
1565
1566
1568
1569
1572
1576
1577
1581
3779
3794
3869
3905
3907