1260
1261
1262
1263
1264
1265
1266
1267
1269
1270
1271
1272
1273
1274
1275
1276
1277
1278
1280
1282
1283
1284
1285
1286
1288
1290
1291
1292
1293
1294
1295
1297
1298
1299
1300
1301
1302
1303
1304
1305
1306
1307
1309
1310
1311
1312
1313
1314
1315
1316
1317
1318
1320
1321
1322
1323
1324
1325
1326
1327
1329
1330
1332
1333
1334
1335
1337
1338
1339
1340
1341
1342
1343
1344
1345
1346
1347
1348
1349
1350
1351
1352
1354
1355
1356
1357
1358
1360
1361
1362
1363
1364
1365
1367
1368
1369
1370
1371
1372
1373
1374
1375
1376
1379
1380
1381
1382
1383
1385
1386
1387
1388
1389
1390
1391
1392
1393
1395
1396
1397
1400
1401
1402
1403
1404
1405
1406
1407
1408
1409
1410
1411
1413
1415
1416
1417
1418
1419
1421
1424
1425
1427
1429
1431
1432
1433
1434
1435
1436
1437
1438
1439
1442
1443
1444
1445
1446
1448
1449
1450
1452
1453
1454
1455
1456
1457
1458
1459
1461
1462
1463
1464
1466
1468
1469
1472
1473
1474
1475
1476
1478
1479
1480
1481
1482
1484
1485
1486
1487
1488
1489
1490
1494
1495
1497
1498
1499
1500
1501
1502
1503
1504
1505
1506
1507
1510
1511
1512
1514
1515
1516
1519
1520
1521
1523
1525
1526
1527
1529
1530
1531
1532
1533
1534
1535
1536
1537
1538
1539
1540
1542
1544
1545
1547
1548
1549
1550
1552
1553
1554
1555
1557
1559
1560
1561
1562
1563
1564
1565
1566
1567
1568
1569
1570
1571
1572
1573
1575
1576
1577
1578
1579
1581
2024
2032
3298
3316
3348
3364
3405
3451
3494
3498
3502
3531
3539
3541
3543
3579
3588
3601
3602
3603
3604
3605
3606
3607
3608
3609
3610
3611
3612
3613
3614
3615
3616
3617
3618
3619
3620
3621
3622
3623
3624
3625
3626
3628
3631
3632
3633
3634
3635
3636
3638
3640
3641
3644
3645
3646
3647
3648
3651
3653
3654
3655
3656
3657
3659
3660
3661
3662
3663
3664
3665
3666
3667
3668
3669
3671
3672
3673
3674
3675
3676
3677
3678
3679
3680
3681
3682
3683
3684
3685
3686
3687
3688
3689
3690
3692
3693
3694
3695
3696
3699
3700
3701
3702
3703
3704
3705
3707
3708
3709
3710
3711
3712
3713
3714
3715
3716
3717
3718
3719
3720
3721
3722
3723
3724
3725
3726
3727
3730
3732
3733
3736
3737
3738
3739
3740
3741
3742
3743
3744
3745
3749
3750
3751
3752
3753
3754
3755
3756
3757
3758
3759
3760
3761
3762
3763
3764
3765
3766
3767
3768
3769
3770
3771
3772
3773
3774
3775
3776
3777
3778
3779
3780
3781
3782
3783
3784
3785
3786
3787
3788
3789
3790
3791
3793
3794
3795
3797
3798
3799
3800
3801
3802
3804
3806
3807
3808
3809
3810
3811
3814
3815
3816
3817
3818
3819
3823
3824
3826
3829
3830
3831
3833
3835
3836
3837
3838
3839
3841
3842
3845
3846
3849
3850
3851
3852
3853
3854
3857
3858
3859
3860
3861
3862
3863
3864
3865
3866
3869
3870
3871
3873
3874
3875
3876
3877
3878
3880
3881
3882
3883
3884
3885
3886
3887
3888
3889
3890
3891
3892
3893
3894
3895
3896
3897
3899
3900
3901
3902
3903
3905
3906
3907
3909
3911
3912
3913
3915
3916
3918
3921
3923
3924
3925
3926
3927
3930
3931
3932
3933
3934
3938
3939
3940
3943
3944
3946
3947
3948
3949